NEW_DATA	SPEED	POSITION	LOADCELL	FEEDBACK_COUNT	STATE	ESTOP	STALL	DIRECTION	INPUT_VOLTAGE	BT_FWD	BT_BAK	BT_TARE	BT_START	BT_AUX
1	186.67	181.07	0.02	0	1	0	0	0	11.60	3	3	3	3	3	
0	186.67	181.07	0.02	0	1	0	0	0	11.98	1	1	1	1	1	
0	186.67	181.07	0.02	0	1	0	0	0	11.49	1	1	1	1	1	
0	186.67	181.07	0.02	0	1	0	0	0	11.60	1	1	1	1	1	
0	186.67	181.07	0.02	0	1	0	0	0	11.66	1	1	1	1	1	
0	186.67	181.07	0.02	0	1	0	0	0	11.71	1	1	1	1	1	
0	186.67	181.07	0.02	0	1	0	0	0	11.60	1	1	1	1	1	
0	186.67	181.07	0.02	0	1	0	0	0	11.76	1	1	1	1	1	
0	186.67	181.07	0.02	0	1	0	0	0	11.76	1	1	1	1	1	
0	186.67	181.07	0.02	0	1	0	0	0	11.66	1	1	1	1	1	
0	186.67	181.07	0.02	0	1	0	0	0	11.66	1	1	1	1	1	
1	0.00	181.07	0.04	0	1	0	0	0	11.60	1	1	1	1	1	
0	0.00	181.07	0.04	0	1	0	0	0	11.66	1	1	1	1	1	
0	0.00	181.07	0.04	0	1	0	0	0	11.92	1	1	1	1	1	
0	0.00	181.07	0.04	0	1	0	0	0	11.44	1	1	1	1	1	
0	0.00	181.07	0.04	0	1	0	0	0	11.66	1	1	1	1	1	
0	0.00	181.07	0.04	0	1	0	0	0	11.76	1	1	1	1	1	
0	0.00	181.07	0.04	0	1	0	0	0	11.60	1	1	1	1	1	
0	0.00	181.07	0.04	0	1	0	0	0	11.66	1	1	1	1	1	
0	0.00	181.07	0.04	0	1	0	0	0	11.60	1	1	1	1	1	
0	0.00	181.07	0.04	0	1	0	0	0	11.71	1	1	1	1	1	
0	0.00	181.07	0.04	0	1	0	0	0	11.66	1	1	1	1	1	
1	0.00	181.07	0.04	0	1	0	0	0	11.92	1	1	1	1	1	
0	0.00	181.07	0.04	0	1	0	0	0	11.66	1	1	1	1	1	
0	0.00	181.07	0.04	0	1	0	0	0	11.49	1	1	1	1	1	
0	0.00	181.07	0.04	0	1	0	0	0	11.66	1	1	1	1	1	
0	0.00	181.07	0.04	0	1	0	0	0	11.76	1	1	1	1	1	
0	0.00	181.07	0.04	0	1	0	0	0	11.60	1	1	1	1	1	
0	0.00	181.07	0.04	0	1	0	0	0	11.66	1	1	1	1	1	
0	0.00	181.07	0.04	0	1	0	0	0	11.60	1	1	1	1	1	
0	0.00	181.07	0.04	0	1	0	0	0	11.66	1	1	1	1	1	
0	0.00	181.07	0.04	0	1	0	0	0	11.71	1	1	1	1	1	
0	0.00	181.07	0.04	0	1	0	0	0	11.76	1	1	1	1	1	
0	0.00	181.07	0.04	0	1	0	0	0	11.66	1	1	1	1	1	
1	0.00	181.07	0.02	0	1	0	0	0	11.60	1	1	1	1	1	
0	0.00	181.07	0.02	0	1	0	0	0	11.66	1	1	1	1	1	
0	0.00	181.07	0.02	0	1	0	0	0	11.82	1	1	1	1	1	
0	0.00	181.07	0.02	0	1	0	0	0	11.44	1	1	1	1	1	
0	0.00	181.07	0.02	0	1	0	0	0	11.66	1	1	1	1	1	
0	0.00	181.07	0.02	0	1	0	0	0	11.66	1	1	1	1	1	
0	0.00	181.07	0.02	0	1	0	0	0	11.66	1	1	1	1	1	
0	0.00	181.07	0.02	0	1	0	0	0	11.60	1	1	1	1	1	
0	0.00	181.07	0.02	0	1	0	0	0	11.66	1	1	1	1	1	
0	0.00	181.07	0.02	0	1	0	0	0	11.71	1	1	1	1	1	
0	0.00	181.07	0.02	0	1	0	0	0	11.92	1	1	1	1	1	
1	0.00	181.07	0.06	0	1	0	0	0	11.66	1	1	1	1	1	
0	0.00	181.07	0.06	0	1	0	0	0	11.71	1	1	1	1	1	
0	0.00	181.07	0.06	0	1	0	0	0	11.66	1	1	1	1	1	
0	0.00	181.07	0.06	0	1	0	0	0	11.66	1	1	1	1	1	
0	0.00	181.07	0.06	0	1	0	0	0	11.92	1	1	1	1	1	
0	0.00	181.07	0.06	0	1	0	0	0	11.66	1	1	1	1	1	
0	0.00	181.07	0.06	0	1	0	0	0	11.87	1	1	1	1	1	
0	0.00	181.07	0.06	0	1	0	0	0	11.49	1	1	1	1	1	
0	0.00	181.07	0.06	0	1	0	0	0	11.66	1	1	1	1	1	
0	0.00	181.07	0.06	0	1	0	0	0	11.87	1	1	1	1	1	
0	0.00	181.07	0.06	0	1	0	0	0	11.66	1	1	1	1	1	
0	0.00	181.07	0.06	0	1	0	0	0	11.71	1	1	1	1	1	
1	0.00	181.07	0.07	0	1	0	0	0	11.76	1	1	1	1	1	
0	0.00	181.07	0.07	0	1	0	0	0	11.71	1	1	1	1	1	
0	0.00	181.07	0.07	0	1	0	0	0	11.76	1	1	1	1	1	
0	0.00	181.07	0.07	0	1	0	0	0	11.66	1	1	1	1	1	
0	0.00	181.07	0.07	0	1	0	0	0	11.71	1	1	1	1	1	
0	0.00	181.07	0.07	0	1	0	0	0	11.60	1	1	1	1	1	
0	0.00	181.07	0.07	0	1	0	0	0	11.66	1	1	1	1	1	
0	0.00	181.07	0.07	0	1	0	0	0	11.60	1	1	1	1	1	
0	0.00	181.07	0.07	0	1	0	0	0	11.60	1	1	1	1	1	
0	0.00	181.07	0.07	0	1	0	0	0	11.82	1	1	1	1	1	
0	0.00	181.07	0.07	0	1	0	0	0	11.44	1	1	1	1	1	
0	0.00	181.07	0.07	0	1	0	0	0	11.76	1	1	1	1	1	
1	0.00	181.07	0.05	0	1	0	0	0	11.66	1	1	1	1	1	
0	0.00	181.07	0.05	0	1	0	0	0	11.82	1	1	1	1	1	
0	0.00	181.07	0.05	0	1	0	0	0	11.49	1	1	1	1	1	
0	0.00	181.07	0.05	0	1	0	0	0	11.66	1	1	1	1	1	
0	0.00	181.07	0.05	0	1	0	0	0	11.60	1	1	1	1	1	
0	0.00	181.07	0.05	0	1	0	0	0	11.66	1	1	1	1	1	
0	0.00	181.07	0.05	0	1	0	0	0	11.71	1	1	1	1	1	
0	0.00	181.07	0.05	0	1	0	0	0	11.71	1	1	1	1	1	
0	0.00	181.07	0.05	0	1	0	0	0	11.66	1	1	1	1	1	
0	0.00	181.07	0.05	0	1	0	0	0	11.49	1	1	1	1	1	
0	0.00	181.07	0.05	0	1	0	0	0	11.76	1	1	1	1	1	
1	0.00	181.07	0.04	0	1	0	0	0	11.66	1	1	1	1	1	
0	0.00	181.07	0.04	0	1	0	0	0	11.44	1	1	1	1	1	
0	0.00	181.07	0.04	0	1	0	0	0	11.66	1	1	1	1	1	
0	0.00	181.07	0.04	0	1	0	0	0	11.60	1	1	1	1	1	
0	0.00	181.07	0.04	0	1	0	0	0	11.66	1	1	1	1	1	
0	0.00	181.07	0.04	0	1	0	0	0	11.60	1	1	1	1	1	
0	0.00	181.07	0.04	0	1	0	0	0	11.66	1	1	1	1	1	
0	0.00	181.07	0.04	0	1	0	0	0	11.82	1	1	1	1	1	
0	0.00	181.07	0.04	0	1	0	0	0	11.49	1	1	1	1	1	
0	0.00	181.07	0.04	0	1	0	0	0	11.66	1	1	1	1	1	
0	0.00	181.07	0.04	0	1	0	0	0	11.66	1	1	1	1	1	
0	0.00	181.07	0.04	0	1	0	0	0	11.66	1	1	1	1	1	
1	0.00	181.07	0.03	0	1	0	0	0	11.71	1	1	1	1	1	
0	0.00	181.07	0.03	0	1	0	0	0	11.71	1	1	1	1	1	
0	0.00	181.07	0.03	0	1	0	0	0	11.66	1	1	1	1	1	
0	0.00	181.07	0.03	0	1	0	0	0	11.66	1	1	1	1	1	
0	0.00	181.07	0.03	0	1	0	0	0	11.60	1	1	1	1	1	
0	0.00	181.07	0.03	0	1	0	0	0	11.60	1	1	1	1	1	
0	0.00	181.07	0.03	0	1	0	0	0	11.44	1	1	1	1	1	
0	0.00	181.07	0.03	0	1	0	0	0	11.66	1	1	1	1	1	
0	0.00	181.07	0.03	0	1	0	0	0	11.76	1	1	1	1	1	
0	0.00	181.07	0.03	0	1	0	0	0	11.60	1	1	1	1	1	
0	0.00	181.07	0.03	0	1	0	0	0	11.66	1	1	1	1	1	
1	0.00	181.07	0.00	0	1	0	0	0	11.60	1	1	1	1	1	
0	0.00	181.07	0.00	0	1	0	0	0	11.60	1	1	1	1	1	
0	0.00	181.07	0.00	0	1	0	0	0	11.76	1	1	1	1	1	
0	0.00	181.07	0.00	0	1	0	0	0	11.49	1	1	1	1	1	
0	0.00	181.07	0.00	0	1	0	0	0	11.66	1	1	1	1	1	
0	0.00	181.07	0.00	0	1	0	0	0	11.60	1	1	1	1	1	
0	0.00	181.07	0.00	0	1	0	0	0	11.66	1	1	1	1	1	
0	0.00	181.07	0.00	0	1	0	0	0	11.71	1	1	1	1	1	
0	0.00	181.07	0.00	0	1	0	0	0	11.60	1	1	1	1	1	
0	0.00	181.07	0.00	0	1	0	0	0	11.49	1	1	1	1	1	
0	0.00	181.07	0.00	0	1	0	0	0	11.76	1	1	1	1	1	
0	0.00	181.07	0.00	0	1	0	0	0	11.71	1	1	1	1	1	
1	0.00	181.07	0.04	0	1	0	0	0	11.92	1	1	1	1	1	
0	0.00	181.07	0.04	0	1	0	0	0	11.66	1	1	1	1	1	
0	0.00	181.07	0.04	0	1	0	0	0	11.55	1	1	1	1	1	
0	0.00	181.07	0.04	0	1	0	0	0	11.76	1	1	1	1	1	
0	0.00	181.07	0.04	0	1	0	0	0	11.66	1	1	1	1	1	
0	0.00	181.07	0.04	0	1	0	0	0	11.92	1	1	1	1	1	
0	0.00	181.07	0.04	0	1	0	0	0	11.60	1	1	1	1	1	
0	0.00	181.07	0.04	0	1	0	0	0	11.82	1	1	1	1	1	
0	0.00	181.07	0.04	0	1	0	0	0	11.49	1	1	1	1	1	
0	0.00	181.07	0.04	0	1	0	0	0	11.66	1	1	1	1	1	
0	0.00	181.07	0.04	0	1	0	0	0	11.60	1	1	1	1	1	
0	0.00	181.07	0.04	0	1	0	0	0	11.60	1	1	1	1	1	
1	-74.76	171.72	0.04	0	1	0	0	0	11.76	1	1	1	1	1	
0	-74.76	171.72	0.04	0	1	0	0	0	11.71	1	1	1	1	1	
0	-74.76	171.72	0.04	0	1	0	0	0	11.66	1	1	1	1	1	
0	-74.76	171.72	0.04	0	1	0	0	0	11.92	1	1	1	1	1	
0	-74.76	171.72	0.04	0	1	0	0	0	11.60	1	1	1	1	1	
0	-74.76	171.72	0.04	0	1	0	0	0	11.60	1	1	1	1	1	
0	-74.76	171.72	0.04	0	1	0	0	0	11.60	1	1	1	1	1	
0	-74.76	171.72	0.04	0	1	0	0	0	11.66	1	1	1	1	1	
0	-74.76	171.72	0.04	0	1	0	0	0	11.49	1	1	1	1	1	
0	-74.76	171.72	0.04	0	1	0	0	0	11.55	1	1	1	1	1	
0	-74.76	171.72	0.04	0	1	0	0	0	11.66	1	1	1	1	1	
1	-74.76	171.72	0.01	0	1	0	0	0	11.66	1	1	1	1	1	
0	-74.76	171.72	0.01	0	1	0	0	0	11.49	1	1	1	1	1	
0	-74.76	171.72	0.01	0	1	0	0	0	11.66	1	1	1	1	1	
0	-195.09	147.73	0.01	0	1	0	0	0	11.60	1	1	1	1	1	
0	-195.09	147.73	0.01	0	1	0	0	0	11.66	1	1	1	1	1	
0	-195.09	147.73	0.01	0	1	0	0	0	11.92	1	1	1	1	1	
0	-195.09	147.73	0.01	0	1	0	0	0	11.60	1	1	1	1	1	
0	-195.09	147.73	0.01	0	1	0	0	0	11.44	1	1	1	1	1	
0	-195.09	147.73	0.01	0	1	0	0	0	11.71	1	1	1	1	1	
0	-195.09	147.73	0.01	0	1	0	0	0	11.66	1	1	1	1	1	
0	-195.09	147.73	0.01	0	1	0	0	0	11.66	1	1	1	1	1	
0	-195.09	147.73	0.01	0	1	0	0	0	11.76	1	1	1	1	1	
1	-195.09	147.73	0.03	0	1	0	0	0	11.92	1	1	1	1	1	
0	-195.09	147.73	0.03	0	1	0	0	0	11.66	1	1	1	1	1	
0	-195.09	147.73	0.03	0	1	0	0	0	11.60	1	1	1	1	1	
0	-195.09	147.73	0.03	0	1	0	0	0	11.66	1	1	1	1	1	
0	-195.09	147.73	0.03	0	1	0	0	0	11.60	1	1	1	1	1	
0	-173.04	126.45	0.03	0	1	0	0	0	11.49	1	1	1	1	1	
0	-173.04	126.45	0.03	0	1	0	0	0	11.71	1	1	1	1	1	
0	-173.04	126.45	0.03	0	1	0	0	0	11.66	1	1	1	1	1	
0	-173.04	126.45	0.03	0	1	0	0	0	11.71	1	1	1	1	1	
0	-173.04	126.45	0.03	0	1	0	0	0	11.92	1	1	1	1	1	
0	-173.04	126.45	0.03	0	1	0	0	0	11.60	1	1	1	1	1	
1	-173.04	126.45	0.01	0	1	0	0	0	11.49	1	1	1	1	1	
0	-173.04	126.45	0.01	0	1	0	0	0	11.66	1	1	1	1	1	
0	-173.04	126.45	0.01	0	1	0	0	0	11.66	1	1	1	1	1	
0	-173.04	126.45	0.01	0	1	0	0	0	11.66	1	1	1	1	1	
0	-173.04	126.45	0.01	0	1	0	0	0	11.92	1	1	1	1	1	
0	-173.04	126.45	0.01	0	1	0	0	0	11.76	1	1	1	1	1	
0	-173.04	126.45	0.01	0	1	0	0	0	11.60	1	1	1	1	1	
0	-173.04	126.45	0.01	0	1	0	0	0	11.49	1	1	1	1	1	
0	-157.28	107.10	0.01	0	1	0	0	0	11.66	1	1	1	1	1	
0	-157.28	107.10	0.01	0	1	0	0	0	11.66	1	1	1	1	1	
0	-157.28	107.10	0.01	0	1	0	0	0	11.66	1	1	1	1	1	
1	-157.28	107.10	0.01	0	1	0	0	0	11.87	1	1	1	1	1	
0	-157.28	107.10	0.01	0	1	0	0	0	11.87	1	1	1	1	1	
0	-157.28	107.10	0.01	0	1	0	0	0	11.49	1	1	1	1	1	
0	-157.28	107.10	0.01	0	1	0	0	0	11.66	1	1	1	1	1	
0	-157.28	107.10	0.01	0	1	0	0	0	11.66	1	1	1	1	1	
0	-157.28	107.10	0.01	0	1	0	0	0	11.66	1	1	1	1	1	
0	-157.28	107.10	0.01	0	1	0	0	0	11.71	1	1	1	1	1	
0	-157.28	107.10	0.01	0	1	0	0	0	11.82	1	1	1	1	1	
0	-157.28	107.10	0.01	0	1	0	0	0	11.71	1	1	1	1	1	
0	-157.28	107.10	0.01	0	1	0	0	0	11.60	1	1	1	1	1	
0	-157.28	107.10	0.01	0	1	0	0	0	11.87	1	1	1	1	1	
0	-103.51	94.37	0.01	0	1	0	0	0	11.66	1	1	1	1	1	
1	-103.51	94.37	0.01	0	1	0	0	0	11.66	1	1	1	1	1	
0	-103.51	94.37	0.01	0	1	0	0	0	11.60	1	1	1	1	1	
0	-103.51	94.37	0.01	0	1	0	0	0	11.49	1	1	1	1	1	
0	-103.51	94.37	0.01	0	1	0	0	0	11.66	1	1	1	1	1	
0	-103.51	94.37	0.01	0	1	0	0	0	11.66	1	1	1	1	1	
0	-103.51	94.37	0.01	0	1	0	0	0	11.76	1	1	1	1	1	
0	-103.51	94.37	0.01	0	1	0	0	0	11.92	1	1	1	1	1	
0	-103.51	94.37	0.01	0	1	0	0	0	11.66	1	1	1	1	1	
0	-103.51	94.37	0.01	0	1	0	0	0	11.66	1	1	1	1	1	
0	-103.51	94.37	0.01	0	1	0	0	0	11.71	1	1	1	1	1	
0	-103.51	94.37	0.01	0	1	0	0	0	11.60	1	1	1	1	1	
1	-103.51	94.37	0.01	0	1	0	0	0	11.60	1	1	1	1	1	
0	-103.51	94.37	0.01	0	1	0	0	0	11.66	1	1	1	1	1	
0	-87.95	83.64	0.01	0	1	0	0	0	11.60	1	1	1	1	1	
0	-87.95	83.64	0.01	0	1	0	0	0	11.66	1	1	1	1	1	
0	-87.95	83.64	0.01	0	1	0	0	0	11.66	1	1	1	1	1	
0	-87.95	83.64	0.01	0	1	0	0	0	11.55	1	1	1	1	1	
0	-87.95	83.64	0.01	0	1	0	0	0	11.66	1	1	1	1	1	
0	-87.95	83.64	0.01	0	1	0	0	0	11.71	1	1	1	1	1	
0	-87.95	83.64	0.01	0	1	0	0	0	11.55	1	1	1	1	1	
0	-87.95	83.64	0.01	0	1	0	0	0	11.66	1	1	1	1	1	
0	-87.95	83.64	0.01	0	1	0	0	0	11.71	1	1	1	1	1	
0	-87.95	83.64	0.01	0	1	0	0	0	11.60	1	1	1	1	1	
1	-87.95	83.64	0.02	0	1	0	0	0	11.66	1	1	1	1	1	
0	-87.95	83.64	0.02	0	1	0	0	0	11.71	1	1	1	1	1	
0	-87.95	83.64	0.02	0	1	0	0	0	11.92	1	1	1	1	1	
0	-87.95	83.64	0.02	0	1	0	0	0	11.66	1	1	1	1	1	
0	-87.95	83.64	0.02	0	1	0	0	0	11.66	1	1	1	1	1	
0	-111.31	70.06	0.02	0	1	0	0	0	11.66	1	1	1	1	1	
0	-111.31	70.06	0.02	0	1	0	0	0	11.66	1	1	1	1	1	
0	-111.31	70.06	0.02	0	1	0	0	0	11.71	1	1	1	1	1	
0	-111.31	70.06	0.02	0	1	0	0	0	11.44	1	1	1	1	1	
0	-111.31	70.06	0.02	0	1	0	0	0	11.76	1	1	1	1	1	
0	-111.31	70.06	0.02	0	1	0	0	0	11.66	1	1	1	1	1	
1	-111.31	70.06	0.03	0	1	0	0	0	11.66	1	1	1	1	1	
0	-111.31	70.06	0.03	0	1	0	0	0	11.87	1	1	1	1	1	
0	-111.31	70.06	0.03	0	1	0	0	0	11.92	1	1	1	1	1	
0	-111.31	70.06	0.03	0	1	0	0	0	11.60	1	1	1	1	1	
0	-111.31	70.06	0.03	0	1	0	0	0	11.66	1	1	1	1	1	
0	-111.31	70.06	0.03	0	1	0	0	0	11.71	1	1	1	1	1	
0	-111.31	70.06	0.03	0	1	0	0	0	11.76	1	1	1	1	1	
0	-111.31	70.06	0.03	0	1	0	0	0	11.49	1	1	1	1	1	
0	-85.88	59.50	0.03	0	1	0	0	0	11.71	1	1	1	1	1	
0	-85.88	59.50	0.03	0	1	0	0	0	11.92	1	1	1	1	1	
0	-85.88	59.50	0.03	0	1	0	0	0	11.66	1	1	1	1	1	
0	-85.88	59.50	0.03	0	1	0	0	0	11.71	1	1	1	1	1	
1	-85.88	59.50	0.02	0	1	0	0	0	11.92	1	1	1	1	1	
0	-85.88	59.50	0.02	0	1	0	0	0	11.66	1	1	1	1	1	
0	-85.88	59.50	0.02	0	1	0	0	0	11.87	1	1	1	1	1	
0	-85.88	59.50	0.02	0	1	0	0	0	11.49	1	1	1	1	1	
0	-85.88	59.50	0.02	0	1	0	0	0	11.66	1	1	1	1	1	
0	-85.88	59.50	0.02	0	1	0	0	0	11.87	1	1	1	1	1	
0	-85.88	59.50	0.02	0	1	0	0	0	11.49	1	1	1	1	1	
0	-85.88	59.50	0.02	0	1	0	0	0	11.66	1	1	1	1	1	
0	-85.88	59.50	0.02	0	1	0	0	0	11.92	1	1	1	1	1	
0	-85.88	59.50	0.02	0	1	0	0	0	11.87	1	1	1	1	1	
0	-73.13	50.50	0.02	0	1	0	0	0	11.71	1	1	1	1	1	
1	-73.13	50.50	0.02	0	1	0	0	0	11.60	1	1	1	1	1	
0	-73.13	50.50	0.02	0	1	0	0	0	11.66	1	1	1	1	1	
0	-73.13	50.50	0.02	0	1	0	0	0	11.66	1	1	1	1	1	
0	-73.13	50.50	0.02	0	1	0	0	0	11.60	1	1	1	1	1	
0	-73.13	50.50	0.02	0	1	0	0	0	11.66	1	1	1	1	1	
0	-73.13	50.50	0.02	0	1	0	0	0	11.66	1	1	1	1	1	
0	-73.13	50.50	0.02	0	1	0	0	0	11.76	1	1	1	1	1	
0	-73.13	50.50	0.02	0	1	0	0	0	11.49	1	1	1	1	1	
0	-73.13	50.50	0.02	0	1	0	0	0	11.66	1	1	1	1	1	
0	-73.13	50.50	0.02	0	1	0	0	0	11.66	1	1	1	1	1	
0	-73.13	50.50	0.02	0	1	0	0	0	11.87	1	1	1	1	1	
0	-73.13	50.50	0.02	0	1	0	0	0	11.66	1	1	1	1	1	
1	-73.13	50.50	0.03	0	1	0	0	0	11.66	1	1	1	1	1	
0	-73.13	50.50	0.03	0	1	0	0	0	11.66	1	1	1	1	1	
0	-68.78	42.04	0.03	0	1	0	0	0	11.66	1	1	1	1	1	
0	-68.78	42.04	0.03	0	1	0	0	0	11.49	1	1	1	1	1	
0	-68.78	42.04	0.03	0	1	0	0	0	11.66	1	1	1	1	1	
0	-68.78	42.04	0.03	0	1	0	0	0	11.66	1	1	1	1	1	
0	-68.78	42.04	0.03	0	1	0	0	0	11.55	1	1	1	1	1	
0	-68.78	42.04	0.03	0	1	0	0	0	11.66	1	1	1	1	1	
0	-68.78	42.04	0.03	0	1	0	0	0	11.66	1	1	1	1	1	
0	-68.78	42.04	0.03	0	1	0	0	0	11.49	1	1	1	1	1	
0	-68.78	42.04	0.03	0	1	0	0	0	11.66	1	1	1	1	1	
1	-68.78	42.04	0.01	0	1	0	0	0	11.66	1	1	1	1	1	
0	-68.78	42.04	0.01	0	1	0	0	0	11.82	1	1	1	1	1	
0	-68.78	42.04	0.01	0	1	0	0	0	11.66	1	1	1	1	1	
0	-68.78	42.04	0.01	0	1	0	0	0	11.71	1	1	1	1	1	
0	-68.78	42.04	0.01	0	1	0	0	0	11.66	1	1	1	1	1	
0	-99.83	29.76	0.01	0	1	0	0	0	11.66	1	1	1	1	1	
0	-99.83	29.76	0.01	0	1	0	0	0	11.87	1	1	1	1	1	
0	-99.83	29.76	0.01	0	1	0	0	0	11.87	1	1	1	1	1	
0	-99.83	29.76	0.01	0	1	0	0	0	11.66	1	1	1	1	1	
0	-99.83	29.76	0.01	0	1	0	0	0	11.66	1	1	1	1	1	
0	-99.83	29.76	0.01	0	1	0	0	0	11.71	1	1	1	1	1	
0	-99.83	29.76	0.01	0	1	0	0	0	11.66	1	1	1	1	1	
1	-99.83	29.76	0.02	0	1	0	0	0	11.66	1	1	1	1	1	
0	-99.83	29.76	0.02	0	1	0	0	0	11.71	1	1	1	1	1	
0	-99.83	29.76	0.02	0	1	0	0	0	11.66	1	1	1	1	1	
0	-99.83	29.76	0.02	0	1	0	0	0	11.66	1	1	1	1	1	
0	-99.83	29.76	0.02	0	1	0	0	0	11.92	1	1	1	1	1	
0	-99.83	29.76	0.02	0	1	0	0	0	11.76	1	1	1	1	1	
0	-99.83	29.76	0.02	0	1	0	0	0	11.66	1	1	1	1	1	
0	-55.05	22.99	0.02	0	1	0	0	0	11.87	1	1	1	1	1	
0	-55.05	22.99	0.02	0	1	0	0	0	11.76	1	1	1	1	1	
0	-55.05	22.99	0.02	0	1	0	0	0	11.66	1	1	1	1	1	
0	-55.05	22.99	0.02	0	1	0	0	0	11.71	1	1	1	1	1	
1	-55.05	22.99	0.04	0	1	0	0	0	11.55	1	1	1	1	1	
0	-55.05	22.99	0.04	0	1	0	0	0	11.66	1	1	1	1	1	
0	-55.05	22.99	0.04	0	1	0	0	0	11.66	1	1	1	1	1	
0	-55.05	22.99	0.04	0	1	0	0	0	11.49	1	1	1	1	1	
0	-55.05	22.99	0.04	0	1	0	0	0	11.49	1	1	1	1	1	
0	-55.05	22.99	0.04	0	1	0	0	0	11.66	1	1	1	1	1	
0	-55.05	22.99	0.04	0	1	0	0	0	11.87	1	1	1	1	1	
0	-55.05	22.99	0.04	0	1	0	0	0	11.82	1	1	1	1	1	
0	-55.05	22.99	0.04	0	1	0	0	0	11.66	1	1	1	1	1	
0	-55.05	22.99	0.04	0	1	0	0	0	11.66	1	1	1	1	1	
0	-55.05	22.99	0.04	0	1	0	0	0	11.66	1	1	1	1	1	
0	-49.58	16.89	0.04	0	1	0	0	0	11.66	1	1	1	1	1	
1	-49.58	16.89	0.02	0	1	0	0	0	11.76	1	1	1	1	1	
0	-49.58	16.89	0.02	0	1	0	0	0	11.60	1	1	1	1	1	
0	-49.58	16.89	0.02	0	1	0	0	0	11.66	1	1	1	1	1	
0	-49.58	16.89	0.02	0	1	0	0	0	11.92	1	1	1	1	1	
0	-49.58	16.89	0.02	0	1	0	0	0	11.71	1	1	1	1	1	
0	-49.58	16.89	0.02	0	1	0	0	0	11.66	1	1	1	1	1	
0	-49.58	16.89	0.02	0	1	0	0	0	11.66	1	1	1	1	1	
0	-49.58	16.89	0.02	0	1	0	0	0	11.87	1	1	1	1	1	
0	-49.58	16.89	0.02	0	1	0	0	0	11.44	1	1	1	1	1	
0	-49.58	16.89	0.02	0	1	0	0	0	11.66	1	1	1	1	1	
0	-49.58	16.89	0.02	0	1	0	0	0	11.66	1	1	1	1	1	
1	-49.58	16.89	0.00	0	1	0	0	0	11.49	1	1	1	1	1	
0	-49.58	16.89	0.00	0	1	0	0	0	11.44	1	1	1	1	1	
0	-56.33	9.96	0.00	0	1	0	0	0	11.60	1	1	1	1	1	
0	-56.33	9.96	0.00	0	1	0	0	0	11.66	1	1	1	1	1	
0	-56.33	9.96	0.00	0	1	0	0	0	11.71	1	1	1	1	1	
0	-56.33	9.96	0.00	0	1	0	0	0	11.66	1	1	1	1	1	
0	-56.33	9.96	0.00	0	1	0	0	0	11.66	1	1	1	1	1	
0	-56.33	9.96	0.00	0	1	0	0	0	11.92	1	1	1	1	1	
0	-56.33	9.96	0.00	0	1	0	0	0	11.66	1	1	1	1	1	
0	-56.33	9.96	0.00	0	1	0	0	0	11.66	1	1	1	1	1	
0	-56.33	9.96	0.00	0	1	0	0	0	11.76	1	1	1	1	1	
0	-56.33	9.96	0.00	0	1	0	0	0	11.66	1	1	1	1	1	
1	-56.33	9.96	0.00	0	1	0	0	0	11.66	1	1	1	1	1	
0	-56.33	9.96	0.00	0	1	0	0	0	11.66	1	1	1	1	1	
0	-56.33	9.96	0.00	0	1	0	0	0	11.66	1	1	1	1	1	
0	-56.33	9.96	0.00	0	1	0	0	0	11.66	1	1	1	1	1	
0	-42.75	4.71	0.00	0	1	0	0	0	11.66	1	1	1	1	1	
0	-42.75	4.71	0.00	0	1	0	0	0	11.66	1	1	1	1	1	
0	-42.75	4.71	0.00	0	1	0	0	0	11.49	1	1	1	1	1	
0	-42.75	4.71	0.00	0	1	0	0	0	11.66	1	1	1	1	1	
0	-42.75	4.71	0.00	0	1	0	0	0	11.66	1	1	1	1	1	
0	-42.75	4.71	0.00	0	1	0	0	0	11.49	1	1	1	1	1	
0	-42.75	4.71	0.00	0	1	0	0	0	11.60	1	1	1	1	1	
0	-42.75	4.71	0.00	0	1	0	0	0	11.66	1	1	1	1	1	
1	-42.75	4.71	0.03	0	1	0	0	0	11.66	1	1	1	1	1	
0	-42.75	4.71	0.03	0	1	0	0	0	11.66	1	1	1	1	1	
0	-42.75	4.71	0.03	0	1	0	0	0	11.66	1	1	1	1	1	
0	-42.75	4.71	0.03	0	1	0	0	0	11.87	1	1	1	1	1	
0	-42.75	4.71	0.03	0	1	0	0	0	11.66	1	1	1	1	1	
0	-42.75	4.71	0.03	0	1	0	0	0	11.66	1	1	1	1	1	
0	-44.11	-0.54	0.03	0	1	0	0	0	11.66	1	1	1	1	1	
0	-44.11	-0.54	0.03	0	1	0	0	0	11.66	1	1	1	1	1	
0	-44.11	-0.54	0.03	0	1	0	0	0	11.87	1	1	1	1	1	
0	-44.11	-0.54	0.03	0	1	0	0	0	11.66	1	1	1	1	1	
0	-44.11	-0.54	0.03	0	1	0	0	0	11.76	1	1	1	1	1	
1	-44.11	-0.54	0.03	0	1	0	0	0	11.66	1	1	1	1	1	
0	-44.11	-0.54	0.03	0	1	0	0	0	11.92	1	1	1	1	1	
0	-44.11	-0.54	0.03	0	1	0	0	0	11.66	1	1	1	1	1	
0	-44.11	-0.54	0.03	0	1	0	0	0	11.66	1	1	1	1	1	
0	-44.11	-0.54	0.03	0	1	0	0	0	11.66	1	1	1	1	1	
0	-44.11	-0.54	0.03	0	1	0	0	0	11.66	1	1	1	1	1	
0	-44.11	-0.54	0.03	0	1	0	0	0	11.87	1	1	1	1	1	
0	-44.11	-0.54	0.03	0	1	0	0	0	11.66	1	1	1	1	1	
0	-44.11	-0.54	0.03	0	1	0	0	0	11.60	1	1	1	1	1	
0	-44.11	-0.54	0.03	0	1	0	0	0	11.87	1	1	1	1	1	
0	-40.35	-5.51	0.03	0	1	0	0	0	11.66	1	1	1	1	1	
0	-40.35	-5.51	0.03	0	1	0	0	0	11.66	1	1	1	1	1	
1	-40.35	-5.51	0.03	0	1	0	0	0	11.49	1	1	1	1	1	
0	-40.35	-5.51	0.03	0	1	0	0	0	11.87	1	1	1	1	1	
0	-40.35	-5.51	0.03	0	1	0	0	0	11.66	1	1	1	1	1	
0	-40.35	-5.51	0.03	0	1	0	0	0	11.92	1	1	1	1	1	
0	-40.35	-5.51	0.03	0	1	0	0	0	11.66	1	1	1	1	1	
0	-40.35	-5.51	0.03	0	1	0	0	0	11.87	1	1	1	1	1	
0	-40.35	-5.51	0.03	0	1	0	0	0	11.66	1	1	1	1	1	
0	-40.35	-5.51	0.03	0	1	0	0	0	11.87	1	1	1	1	1	
0	-40.35	-5.51	0.03	0	1	0	0	0	11.66	1	1	1	1	1	
0	-40.35	-5.51	0.03	0	1	0	0	0	11.87	1	1	1	1	1	
0	-40.35	-5.51	0.03	0	1	0	0	0	11.66	1	1	1	1	1	
0	-40.35	-5.51	0.03	0	1	0	0	0	11.76	1	1	1	1	1	
1	-15.08	-7.36	0.03	0	1	0	0	0	11.66	1	1	1	1	1	
0	-15.08	-7.36	0.03	0	1	0	0	0	11.66	1	1	1	1	1	
0	-15.08	-7.36	0.03	0	1	0	0	0	11.66	1	1	1	1	1	
0	-15.08	-7.36	0.03	0	1	0	0	0	11.44	1	1	1	1	1	
0	-15.08	-7.36	0.03	0	1	0	0	0	11.66	1	1	1	1	1	
0	-15.08	-7.36	0.03	0	1	0	0	0	11.66	1	1	1	1	1	
0	-15.08	-7.36	0.03	0	1	0	0	0	11.92	1	1	1	1	1	
0	-15.08	-7.36	0.03	0	1	0	0	0	11.66	1	1	1	1	1	
0	-15.08	-7.36	0.03	0	1	0	0	0	11.87	1	1	1	1	1	
0	-15.08	-7.36	0.03	0	1	0	0	0	11.66	1	1	1	1	1	
0	-15.08	-7.36	0.03	0	1	0	0	0	11.44	1	1	1	1	1	
1	-15.08	-7.36	0.04	0	1	0	0	0	11.66	1	1	1	1	1	
0	-15.08	-7.36	0.04	0	1	0	0	0	11.66	1	1	1	1	1	
0	-15.08	-7.36	0.04	0	1	0	0	0	11.66	1	1	1	1	1	
0	-15.08	-7.36	0.04	0	1	0	0	0	11.71	1	1	1	1	1	
0	0.00	-7.36	0.04	0	1	0	0	0	11.87	1	1	1	1	1	
0	0.00	-7.36	0.04	0	1	0	0	0	11.66	1	1	1	1	1	
0	0.00	-7.36	0.04	0	1	0	0	0	11.76	1	1	1	1	1	
0	0.00	-7.36	0.04	0	1	0	0	0	11.92	1	1	1	1	1	
0	0.00	-7.36	0.04	0	1	0	0	0	11.66	1	1	1	1	1	
0	0.00	-7.36	0.04	0	1	0	0	0	11.60	1	1	1	1	1	
0	0.00	-7.36	0.04	0	1	0	0	0	11.66	1	1	1	1	1	
0	0.00	-7.36	0.04	0	1	0	0	0	11.66	1	1	1	1	1	
1	0.00	-7.36	0.04	0	1	0	0	0	11.76	1	1	1	1	1	
0	0.00	-7.36	0.04	0	1	0	0	0	11.66	1	1	1	1	1	
0	0.00	-7.36	0.04	0	1	0	0	0	11.44	1	1	1	1	1	
0	0.00	-7.36	0.04	0	1	0	0	0	11.87	1	1	1	1	1	
0	0.00	-7.36	0.04	0	1	0	0	0	11.66	1	1	1	1	1	
0	0.00	-7.36	0.04	0	1	0	0	0	11.44	1	1	1	1	1	
0	0.00	-7.36	0.04	0	1	0	0	0	11.71	1	1	1	1	1	
0	0.00	-7.36	0.04	0	1	0	0	0	11.71	1	1	1	1	1	
0	0.00	-7.36	0.04	0	1	0	0	0	11.66	1	1	1	1	1	
0	0.00	-7.36	0.04	0	1	0	0	0	11.92	1	1	1	1	1	
0	0.00	-7.36	0.04	0	1	0	0	0	11.66	1	1	1	1	1	
0	0.00	-7.36	0.04	0	1	0	0	0	11.92	1	1	1	1	1	
1	0.00	-7.36	0.03	0	1	0	0	0	11.66	1	1	1	1	1	
0	0.00	-7.36	0.03	0	1	0	0	0	11.66	1	1	1	1	1	
0	0.00	-7.36	0.03	0	1	0	0	0	11.87	1	1	1	1	1	
0	0.00	-7.36	0.03	0	1	0	0	0	11.66	1	1	1	1	1	
0	0.00	-7.36	0.03	0	1	0	0	0	11.66	1	1	1	1	1	
0	0.00	-7.36	0.03	0	1	0	0	0	11.60	1	1	1	1	1	
0	0.00	-7.36	0.03	0	1	0	0	0	11.66	1	1	1	1	1	
0	0.00	-7.36	0.03	0	1	0	0	0	11.66	1	1	1	1	1	
0	0.00	-7.36	0.03	0	1	0	0	0	11.71	1	1	1	1	1	
0	0.00	-7.36	0.03	0	1	0	0	0	11.92	1	1	1	1	1	
0	0.00	-7.36	0.03	0	1	0	0	0	11.66	1	1	1	1	1	
0	0.00	-7.36	0.03	0	1	0	0	0	11.92	1	1	1	1	1	
1	0.00	-7.36	0.02	0	1	0	0	0	11.66	1	1	1	1	1	
0	0.00	-7.36	0.02	0	1	0	0	0	11.66	1	1	1	1	1	
0	0.00	-7.36	0.02	0	1	0	0	0	11.92	1	1	1	1	1	
0	0.00	-7.36	0.02	0	1	0	0	0	11.66	1	1	1	1	1	
0	0.00	-7.36	0.02	0	1	0	0	0	11.66	1	1	1	1	1	
0	0.00	-7.36	0.02	0	1	0	0	0	11.44	1	1	1	1	1	
0	0.00	-7.36	0.02	0	1	0	0	0	11.66	1	1	1	1	1	
0	0.00	-7.36	0.02	0	1	0	0	0	11.76	1	1	1	1	1	
0	0.00	-7.36	0.02	0	1	0	0	0	11.66	1	1	1	1	1	
0	0.00	-7.36	0.02	0	1	0	0	0	11.66	1	1	1	1	1	
0	0.00	-7.36	0.02	0	1	0	0	0	11.60	1	1	1	1	1	
0	0.00	-7.36	0.02	0	1	0	0	0	11.44	1	1	1	1	1	
1	0.00	-7.36	0.00	0	1	0	0	0	11.66	1	1	1	1	1	
0	0.00	-7.36	0.00	0	1	0	0	0	11.44	1	1	1	1	1	
0	0.00	-7.36	0.00	0	1	0	0	0	11.87	1	1	1	1	1	
0	0.00	-7.36	0.00	0	1	0	0	0	11.66	1	1	1	1	1	
0	0.00	-7.36	0.00	0	1	0	0	0	11.66	1	1	1	1	1	
0	0.00	-7.36	0.00	0	1	0	0	0	11.87	1	1	1	1	1	
0	0.00	-7.36	0.00	0	1	0	0	0	11.66	1	1	1	1	1	
0	0.00	-7.36	0.00	0	1	0	0	0	11.87	1	1	1	1	1	
0	0.00	-7.36	0.00	0	1	0	0	0	11.66	1	1	1	1	1	
0	0.00	-7.36	0.00	0	1	0	0	0	11.66	1	1	1	1	1	
0	0.00	-7.36	0.00	0	1	0	0	0	11.60	1	1	1	1	1	
0	0.00	-7.36	0.00	0	1	0	0	0	11.66	1	1	1	1	1	
1	0.00	-7.36	0.02	0	1	0	0	0	11.66	1	1	1	1	1	
0	0.00	-7.36	0.02	0	1	0	0	0	11.60	1	1	1	1	1	
0	0.00	-7.36	0.02	0	1	0	0	0	11.92	1	1	1	1	1	
0	0.00	-7.36	0.02	0	1	0	0	0	11.71	1	1	1	1	1	
0	0.00	-7.36	0.02	0	1	0	0	0	11.66	1	1	1	1	1	
0	0.00	-7.36	0.02	0	1	0	0	0	11.71	1	1	1	1	1	
0	0.00	-7.36	0.02	0	1	0	0	0	11.66	1	1	1	1	1	
0	0.00	-7.36	0.02	0	1	0	0	0	11.55	1	1	1	1	1	
0	0.00	-7.36	0.02	0	1	0	0	0	11.71	1	1	1	1	1	
0	0.00	-7.36	0.02	0	1	0	0	0	11.66	1	1	1	1	1	
0	0.00	-7.36	0.02	0	1	0	0	0	11.87	1	1	1	1	1	
0	0.00	-7.36	0.02	0	1	0	0	0	11.66	1	1	1	1	1	
1	0.00	-7.36	0.01	0	1	0	0	0	11.60	1	1	1	1	1	
0	0.00	-7.36	0.01	0	1	0	0	0	11.76	1	1	1	1	1	
0	0.00	-7.36	0.01	0	1	0	0	0	11.66	1	1	1	1	1	
0	0.00	-7.36	0.01	0	1	0	0	0	11.76	1	1	1	1	1	
0	0.00	-7.36	0.01	0	1	0	0	0	11.71	1	1	1	1	1	
0	0.00	-7.36	0.01	0	1	0	0	0	11.66	1	1	1	1	1	
0	0.00	-7.36	0.01	0	1	0	0	0	11.60	1	1	1	1	1	
0	0.00	-7.36	0.01	0	1	0	0	0	11.49	1	1	1	1	1	
0	0.00	-7.36	0.01	0	1	0	0	0	11.71	1	1	1	1	1	
0	0.00	-7.36	0.01	0	1	0	0	0	11.66	1	1	1	1	1	
0	0.00	-7.36	0.01	0	1	0	0	0	11.87	1	1	1	1	1	
1	0.00	-7.36	0.01	0	1	0	0	0	11.66	1	1	1	1	1	
0	0.00	-7.36	0.01	0	1	0	0	0	11.66	1	1	1	1	1	
0	0.00	-7.36	0.01	0	1	0	0	0	11.60	1	1	1	1	1	
0	0.00	-7.36	0.01	0	1	0	0	0	11.66	1	1	1	1	1	
0	0.00	-7.36	0.01	0	1	0	0	0	11.60	1	1	1	1	1	
0	0.00	-7.36	0.01	0	1	0	0	0	11.55	1	1	1	1	1	
0	0.00	-7.36	0.01	0	1	0	0	0	11.71	1	1	1	1	1	
0	0.00	-7.36	0.01	0	1	0	0	0	11.66	1	1	1	1	1	
0	0.00	-7.36	0.01	0	1	0	0	0	11.66	1	1	1	1	1	
0	0.00	-7.36	0.01	0	1	0	0	0	11.71	1	1	1	1	1	
0	0.00	-7.36	0.01	0	1	0	0	0	11.66	1	1	1	1	1	
0	0.00	-7.36	0.01	0	1	0	0	0	11.66	1	1	1	1	1	
1	0.00	-7.36	0.04	0	1	0	0	0	11.66	1	1	1	1	1	
0	0.00	-7.36	0.04	0	1	0	0	0	11.66	1	1	1	1	1	
0	0.00	-7.36	0.04	0	1	0	0	0	11.66	1	1	1	1	1	
0	0.00	-7.36	0.04	0	1	0	0	0	11.66	1	1	1	1	1	
0	0.00	-7.36	0.04	0	1	0	0	0	11.66	1	1	1	1	1	
0	0.00	-7.36	0.04	0	1	0	0	0	11.71	1	1	1	1	1	
0	0.00	-7.36	0.04	0	1	0	0	0	11.71	1	1	1	1	1	
0	0.00	-7.36	0.04	0	1	0	0	0	11.66	1	1	1	1	1	
0	0.00	-7.36	0.04	0	1	0	0	0	11.92	1	1	1	1	1	
0	0.00	-7.36	0.04	0	1	0	0	0	11.66	1	1	1	1	1	
0	0.00	-7.36	0.04	0	1	0	0	0	11.87	1	1	1	1	1	
0	0.00	-7.36	0.04	0	1	0	0	0	11.66	1	1	1	1	1	
1	0.00	-7.36	0.01	0	1	0	0	0	11.66	1	1	1	1	1	
0	0.00	-7.36	0.01	0	1	0	0	0	11.66	1	1	1	1	1	
0	0.00	-7.36	0.01	0	1	0	0	0	11.66	1	1	1	1	1	
0	0.00	-7.36	0.01	0	1	0	0	0	11.71	1	1	1	1	1	
0	0.00	-7.36	0.01	0	1	0	0	0	11.66	1	1	1	1	1	
0	0.00	-7.36	0.01	0	1	0	0	0	11.87	1	1	1	1	1	
0	0.00	-7.36	0.01	0	1	0	0	0	11.92	1	1	1	1	1	
0	0.00	-7.36	0.01	0	1	0	0	0	11.66	1	1	1	1	1	
0	0.00	-7.36	0.01	0	1	0	0	0	11.66	1	1	1	1	1	
0	0.00	-7.36	0.01	0	1	0	0	0	11.66	1	1	1	1	1	
0	0.00	-7.36	0.01	0	1	0	0	0	11.66	1	1	1	1	1	
0	0.00	-7.36	0.01	0	1	0	0	0	11.87	1	1	1	1	1	
1	0.00	-7.36	0.01	0	1	0	0	0	11.92	1	1	1	1	1	
0	0.00	-7.36	0.01	0	1	0	0	0	11.66	1	1	1	1	1	
0	12.17	-5.88	0.01	0	1	0	0	0	11.66	1	1	1	1	1	
0	12.17	-5.88	0.01	0	1	0	0	0	11.87	1	1	1	1	1	
0	12.17	-5.88	0.01	0	1	0	0	0	11.66	1	1	1	1	1	
0	12.17	-5.88	0.01	0	1	0	0	0	11.87	1	1	1	1	1	
0	12.17	-5.88	0.01	0	1	0	0	0	11.66	1	1	1	1	1	
0	12.17	-5.88	0.01	0	1	0	0	0	11.76	1	1	1	1	1	
0	12.17	-5.88	0.01	0	1	0	0	0	11.66	1	1	1	1	1	
0	12.17	-5.88	0.01	0	1	0	0	0	11.49	1	1	1	1	1	
0	12.17	-5.88	0.01	0	1	0	0	0	11.66	1	1	1	1	1	
0	12.17	-5.88	0.01	0	1	0	0	0	11.49	1	1	1	1	1	
1	12.17	-5.88	0.02	0	1	0	0	0	11.66	1	1	1	1	1	
0	12.17	-5.88	0.02	0	1	0	0	0	11.66	1	1	1	1	1	
0	12.17	-5.88	0.02	0	1	0	0	0	11.66	1	1	1	1	1	
0	12.17	-5.88	0.02	0	1	0	0	0	11.76	1	1	1	1	1	
0	12.17	-5.88	0.02	0	1	0	0	0	11.66	1	1	1	1	1	
0	130.04	10.51	0.02	0	1	0	0	0	11.44	1	1	1	1	1	
0	130.04	10.51	0.02	0	1	0	0	0	11.66	1	1	1	1	1	
0	130.04	10.51	0.02	0	1	0	0	0	11.66	1	1	1	1	1	
0	130.04	10.51	0.02	0	1	0	0	0	11.87	1	1	1	1	1	
0	130.04	10.51	0.02	0	1	0	0	0	11.44	1	1	1	1	1	
0	130.04	10.51	0.02	0	1	0	0	0	11.44	1	1	1	1	1	
1	130.04	10.51	0.04	0	1	0	0	0	11.66	1	1	1	1	1	
0	130.04	10.51	0.04	0	1	0	0	0	11.66	1	1	1	1	1	
0	130.04	10.51	0.04	0	1	0	0	0	11.92	1	1	1	1	1	
0	130.04	10.51	0.04	0	1	0	0	0	11.71	1	1	1	1	1	
0	130.04	10.51	0.04	0	1	0	0	0	11.60	1	1	1	1	1	
0	130.04	10.51	0.04	0	1	0	0	0	11.66	1	1	1	1	1	
0	130.04	10.51	0.04	0	1	0	0	0	11.66	1	1	1	1	1	
0	130.04	10.51	0.04	0	1	0	0	0	11.82	1	1	1	1	1	
0	66.75	18.72	0.04	0	1	0	0	0	11.66	1	1	1	1	1	
0	66.75	18.72	0.04	0	1	0	0	0	11.66	1	1	1	1	1	
0	66.75	18.72	0.04	0	1	0	0	0	11.66	1	1	1	1	1	
0	66.75	18.72	0.04	0	1	0	0	0	11.44	1	1	1	1	1	
1	66.75	18.72	0.04	0	1	0	0	0	11.49	1	1	1	1	1	
0	66.75	18.72	0.04	0	1	0	0	0	11.66	1	1	1	1	1	
0	66.75	18.72	0.04	0	1	0	0	0	11.76	1	1	1	1	1	
0	66.75	18.72	0.04	0	1	0	0	0	11.66	1	1	1	1	1	
0	66.75	18.72	0.04	0	1	0	0	0	11.66	1	1	1	1	1	
0	66.75	18.72	0.04	0	1	0	0	0	11.66	1	1	1	1	1	
0	66.75	18.72	0.04	0	1	0	0	0	11.60	1	1	1	1	1	
0	66.75	18.72	0.04	0	1	0	0	0	11.60	1	1	1	1	1	
0	66.75	18.72	0.04	0	1	0	0	0	11.66	1	1	1	1	1	
0	66.75	18.72	0.04	0	1	0	0	0	11.92	1	1	1	1	1	
0	66.75	18.72	0.04	0	1	0	0	0	11.76	1	1	1	1	1	
1	59.55	26.04	0.01	0	1	0	0	0	11.76	1	1	1	1	1	
0	59.55	26.04	0.01	0	1	0	0	0	11.55	1	1	1	1	1	
0	59.55	26.04	0.01	0	1	0	0	0	11.66	1	1	1	1	1	
0	59.55	26.04	0.01	0	1	0	0	0	11.87	1	1	1	1	1	
0	59.55	26.04	0.01	0	1	0	0	0	11.87	1	1	1	1	1	
0	59.55	26.04	0.01	0	1	0	0	0	11.66	1	1	1	1	1	
0	59.55	26.04	0.01	0	1	0	0	0	11.66	1	1	1	1	1	
0	59.55	26.04	0.01	0	1	0	0	0	11.49	1	1	1	1	1	
0	59.55	26.04	0.01	0	1	0	0	0	11.66	1	1	1	1	1	
0	59.55	26.04	0.01	0	1	0	0	0	11.66	1	1	1	1	1	
0	59.55	26.04	0.01	0	1	0	0	0	11.92	1	1	1	1	1	
0	59.55	26.04	0.01	0	1	0	0	0	11.44	1	1	1	1	1	
1	59.55	26.04	0.01	0	1	0	0	0	11.66	1	1	1	1	1	
0	59.55	26.04	0.01	0	1	0	0	0	11.66	1	1	1	1	1	
0	51.75	32.41	0.01	0	1	0	0	0	11.66	1	1	1	1	1	
0	51.75	32.41	0.01	0	1	0	0	0	11.66	1	1	1	1	1	
0	51.75	32.41	0.01	0	1	0	0	0	11.49	1	1	1	1	1	
0	51.75	32.41	0.01	0	1	0	0	0	11.66	1	1	1	1	1	
0	51.75	32.41	0.01	0	1	0	0	0	11.66	1	1	1	1	1	
0	51.75	32.41	0.01	0	1	0	0	0	11.49	1	1	1	1	1	
0	51.75	32.41	0.01	0	1	0	0	0	11.66	1	1	1	1	1	
0	51.75	32.41	0.01	0	1	0	0	0	11.66	1	1	1	1	1	
0	51.75	32.41	0.01	0	1	0	0	0	11.49	1	1	1	1	1	
1	51.75	32.41	0.00	0	1	0	0	0	11.60	1	1	1	1	1	
0	51.75	32.41	0.00	0	1	0	0	0	11.66	1	1	1	1	1	
0	51.75	32.41	0.00	0	1	0	0	0	11.49	1	1	1	1	1	
0	51.75	32.41	0.00	0	1	0	0	0	11.60	1	1	1	1	1	
0	51.75	32.41	0.00	0	1	0	0	0	11.66	1	1	1	1	1	
0	51.50	38.69	0.00	0	1	0	0	0	11.49	1	1	1	1	1	
0	51.50	38.69	0.00	0	1	0	0	0	11.66	1	1	1	1	1	
0	51.50	38.69	0.00	0	1	0	0	0	11.55	1	1	1	1	1	
0	51.50	38.69	0.00	0	1	0	0	0	11.66	1	1	1	1	1	
0	51.50	38.69	0.00	0	1	0	0	0	11.66	1	1	1	1	1	
0	51.50	38.69	0.00	0	1	0	0	0	11.60	1	1	1	1	1	
0	51.50	38.69	0.00	0	1	0	0	0	11.66	1	1	1	1	1	
1	51.50	38.69	0.02	0	1	0	0	0	11.71	1	1	1	1	1	
0	51.50	38.69	0.02	0	1	0	0	0	11.49	1	1	1	1	1	
0	51.50	38.69	0.02	0	1	0	0	0	11.66	1	1	1	1	1	
0	51.50	38.69	0.02	0	1	0	0	0	11.76	1	1	1	1	1	
0	51.50	38.69	0.02	0	1	0	0	0	11.49	1	1	1	1	1	
0	51.50	38.69	0.02	0	1	0	0	0	11.71	1	1	1	1	1	
0	51.50	38.69	0.02	0	1	0	0	0	11.49	1	1	1	1	1	
0	51.50	38.69	0.02	0	1	0	0	0	11.60	1	1	1	1	1	
0	53.55	45.28	0.02	0	1	0	0	0	11.49	1	1	1	1	1	
0	53.55	45.28	0.02	0	1	0	0	0	11.55	1	1	1	1	1	
0	53.55	45.28	0.02	0	1	0	0	0	11.66	1	1	1	1	1	
0	53.55	45.28	0.02	0	1	0	0	0	11.92	1	1	1	1	1	
1	53.55	45.28	0.02	0	1	0	0	0	11.82	1	1	1	1	1	
0	53.55	45.28	0.02	0	1	0	0	0	11.66	1	1	1	1	1	
0	53.55	45.28	0.02	0	1	0	0	0	11.87	1	1	1	1	1	
0	53.55	45.28	0.02	0	1	0	0	0	11.92	1	1	1	1	1	
0	53.55	45.28	0.02	0	1	0	0	0	11.66	1	1	1	1	1	
0	53.55	45.28	0.02	0	1	0	0	0	11.66	1	1	1	1	1	
0	53.55	45.28	0.02	0	1	0	0	0	11.60	1	1	1	1	1	
0	53.55	45.28	0.02	0	1	0	0	0	11.66	1	1	1	1	1	
0	53.55	45.28	0.02	0	1	0	0	0	11.66	1	1	1	1	1	
0	53.55	45.28	0.02	0	1	0	0	0	11.66	1	1	1	1	1	
0	69.23	53.79	0.02	0	1	0	0	0	11.66	1	1	1	1	1	
1	69.23	53.79	0.01	0	1	0	0	0	11.66	1	1	1	1	1	
0	69.23	53.79	0.01	0	1	0	0	0	11.76	1	1	1	1	1	
0	69.23	53.79	0.01	0	1	0	0	0	11.66	1	1	1	1	1	
0	69.23	53.79	0.01	0	1	0	0	0	11.92	1	1	1	1	1	
0	69.23	53.79	0.01	0	1	0	0	0	11.71	1	1	1	1	1	
0	69.23	53.79	0.01	0	1	0	0	0	11.66	1	1	1	1	1	
0	69.23	53.79	0.01	0	1	0	0	0	11.92	1	1	1	1	1	
0	69.23	53.79	0.01	0	1	0	0	0	11.71	1	1	1	1	1	
0	69.23	53.79	0.01	0	1	0	0	0	11.66	1	1	1	1	1	
0	69.23	53.79	0.01	0	1	0	0	0	11.92	1	1	1	1	1	
0	69.23	53.79	0.01	0	1	0	0	0	11.66	1	1	1	1	1	
0	69.23	53.79	0.01	0	1	0	0	0	11.66	1	1	1	1	1	
1	69.23	53.79	0.03	0	1	0	0	0	11.92	1	1	1	1	1	
0	99.31	66.01	0.03	0	1	0	0	0	11.66	1	1	1	1	1	
0	99.31	66.01	0.03	0	1	0	0	0	11.71	1	1	1	1	1	
0	99.31	66.01	0.03	0	1	0	0	0	11.87	1	1	1	1	1	
0	99.31	66.01	0.03	0	1	0	0	0	11.66	1	1	1	1	1	
0	99.31	66.01	0.03	0	1	0	0	0	11.71	1	1	1	1	1	
0	99.31	66.01	0.03	0	1	0	0	0	11.87	1	1	1	1	1	
0	99.31	66.01	0.03	0	1	0	0	0	11.66	1	1	1	1	1	
0	99.31	66.01	0.03	0	1	0	0	0	11.71	1	1	1	1	1	
0	99.31	66.01	0.03	0	1	0	0	0	11.60	1	1	1	1	1	
0	99.31	66.01	0.03	0	1	0	0	0	11.66	1	1	1	1	1	
1	99.31	66.01	0.02	0	1	0	0	0	11.71	1	1	1	1	1	
0	99.31	66.01	0.02	0	1	0	0	0	11.92	1	1	1	1	1	
0	99.31	66.01	0.02	0	1	0	0	0	11.66	1	1	1	1	1	
0	99.31	66.01	0.02	0	1	0	0	0	11.71	1	1	1	1	1	
0	99.31	66.01	0.02	0	1	0	0	0	11.66	1	1	1	1	1	
0	91.51	77.26	0.02	0	1	0	0	0	11.66	1	1	1	1	1	
0	91.51	77.26	0.02	0	1	0	0	0	11.87	1	1	1	1	1	
0	91.51	77.26	0.02	0	1	0	0	0	11.76	1	1	1	1	1	
0	91.51	77.26	0.02	0	1	0	0	0	11.66	1	1	1	1	1	
0	91.51	77.26	0.02	0	1	0	0	0	11.66	1	1	1	1	1	
0	91.51	77.26	0.02	0	1	0	0	0	11.55	1	1	1	1	1	
0	91.51	77.26	0.02	0	1	0	0	0	11.60	1	1	1	1	1	
1	91.51	77.26	0.01	0	1	0	0	0	11.66	1	1	1	1	1	
0	91.51	77.26	0.01	0	1	0	0	0	11.55	1	1	1	1	1	
0	91.51	77.26	0.01	0	1	0	0	0	11.60	1	1	1	1	1	
0	91.51	77.26	0.01	0	1	0	0	0	11.66	1	1	1	1	1	
0	91.51	77.26	0.01	0	1	0	0	0	11.87	1	1	1	1	1	
0	91.51	77.26	0.01	0	1	0	0	0	11.55	1	1	1	1	1	
0	91.51	77.26	0.01	0	1	0	0	0	11.66	1	1	1	1	1	
0	80.25	87.14	0.01	0	1	0	0	0	11.66	1	1	1	1	1	
0	80.25	87.14	0.01	0	1	0	0	0	11.66	1	1	1	1	1	
0	80.25	87.14	0.01	0	1	0	0	0	11.71	1	1	1	1	1	
0	80.25	87.14	0.01	0	1	0	0	0	11.60	1	1	1	1	1	
1	80.25	87.14	0.01	0	1	0	0	0	11.66	1	1	1	1	1	
0	80.25	87.14	0.01	0	1	0	0	0	11.66	1	1	1	1	1	
0	80.25	87.14	0.01	0	1	0	0	0	11.55	1	1	1	1	1	
0	80.25	87.14	0.01	0	1	0	0	0	11.60	1	1	1	1	1	
0	80.25	87.14	0.01	0	1	0	0	0	11.66	1	1	1	1	1	
0	80.25	87.14	0.01	0	1	0	0	0	11.92	1	1	1	1	1	
0	80.25	87.14	0.01	0	1	0	0	0	11.60	1	1	1	1	1	
0	80.25	87.14	0.01	0	1	0	0	0	11.66	1	1	1	1	1	
0	80.25	87.14	0.01	0	1	0	0	0	11.71	1	1	1	1	1	
0	80.25	87.14	0.01	0	1	0	0	0	11.60	1	1	1	1	1	
0	69.23	95.65	0.01	0	1	0	0	0	11.66	1	1	1	1	1	
0	69.23	95.65	0.01	0	1	0	0	0	11.55	1	1	1	1	1	
1	69.23	95.65	0.01	0	1	0	0	0	11.66	1	1	1	1	1	
0	69.23	95.65	0.01	0	1	0	0	0	11.71	1	1	1	1	1	
0	69.23	95.65	0.01	0	1	0	0	0	11.92	1	1	1	1	1	
0	69.23	95.65	0.01	0	1	0	0	0	11.66	1	1	1	1	1	
0	69.23	95.65	0.01	0	1	0	0	0	11.71	1	1	1	1	1	
0	69.23	95.65	0.01	0	1	0	0	0	11.92	1	1	1	1	1	
0	69.23	95.65	0.01	0	1	0	0	0	11.66	1	1	1	1	1	
0	69.23	95.65	0.01	0	1	0	0	0	11.76	1	1	1	1	1	
0	69.23	95.65	0.01	0	1	0	0	0	11.87	1	1	1	1	1	
0	69.23	95.65	0.01	0	1	0	0	0	11.66	1	1	1	1	1	
0	69.23	95.65	0.01	0	1	0	0	0	11.92	1	1	1	1	1	
1	69.23	95.65	0.00	0	1	0	0	0	11.76	1	1	1	1	1	
0	69.23	95.65	0.00	0	1	0	0	0	11.87	1	1	1	1	1	
0	99.68	107.91	0.00	0	1	0	0	0	11.71	1	1	1	1	1	
0	99.68	107.91	0.00	0	1	0	0	0	11.60	1	1	1	1	1	
0	99.68	107.91	0.00	0	1	0	0	0	11.60	1	1	1	1	1	
0	99.68	107.91	0.00	0	1	0	0	0	11.66	1	1	1	1	1	
0	99.68	107.91	0.00	0	1	0	0	0	11.55	1	1	1	1	1	
0	99.68	107.91	0.00	0	1	0	0	0	11.66	1	1	1	1	1	
0	99.68	107.91	0.00	0	1	0	0	0	11.66	1	1	1	1	1	
0	99.68	107.91	0.00	0	1	0	0	0	11.66	1	1	1	1	1	
0	99.68	107.91	0.00	0	1	0	0	0	11.82	1	1	1	1	1	
0	99.68	107.91	0.00	0	1	0	0	0	11.92	1	1	1	1	1	
1	99.68	107.91	0.00	0	1	0	0	0	11.71	1	1	1	1	1	
0	99.68	107.91	0.00	0	1	0	0	0	11.66	1	1	1	1	1	
0	99.68	107.91	0.00	0	1	0	0	0	11.76	1	1	1	1	1	
0	99.68	107.91	0.00	0	1	0	0	0	11.71	1	1	1	1	1	
0	101.25	120.16	0.00	0	1	0	0	0	11.66	1	1	1	1	1	
0	101.25	120.16	0.00	0	1	0	0	0	11.71	1	1	1	1	1	
0	101.25	120.16	0.00	0	1	0	0	0	11.76	1	1	1	1	1	
0	101.25	120.16	0.00	0	1	0	0	0	11.92	1	1	1	1	1	
0	101.25	120.16	0.00	0	1	0	0	0	11.55	1	1	1	1	1	
0	101.25	120.16	0.00	0	1	0	0	0	11.66	1	1	1	1	1	
0	101.25	120.16	0.00	0	1	0	0	0	11.66	1	1	1	1	1	
1	101.25	120.16	0.01	0	1	0	0	0	11.71	1	1	1	1	1	
0	101.25	120.16	0.01	0	1	0	0	0	11.60	1	1	1	1	1	
0	101.25	120.16	0.01	0	1	0	0	0	11.60	1	1	1	1	1	
0	101.25	120.16	0.01	0	1	0	0	0	11.76	1	1	1	1	1	
0	101.25	120.16	0.01	0	1	0	0	0	11.66	1	1	1	1	1	
0	101.25	120.16	0.01	0	1	0	0	0	11.66	1	1	1	1	1	
0	101.25	120.16	0.01	0	1	0	0	0	11.66	1	1	1	1	1	
0	74.10	129.28	0.01	0	1	0	0	0	11.49	1	1	1	1	1	
0	74.10	129.28	0.01	0	1	0	0	0	11.66	1	1	1	1	1	
0	74.10	129.28	0.01	0	1	0	0	0	11.71	1	1	1	1	1	
0	74.10	129.28	0.01	0	1	0	0	0	11.49	1	1	1	1	1	
0	74.10	129.28	0.01	0	1	0	0	0	11.49	1	1	1	1	1	
1	74.10	129.28	0.01	0	1	0	0	0	11.60	1	1	1	1	1	
0	74.10	129.28	0.01	0	1	0	0	0	11.92	1	1	1	1	1	
0	74.10	129.28	0.01	0	1	0	0	0	11.87	1	1	1	1	1	
0	74.10	129.28	0.01	0	1	0	0	0	11.66	1	1	1	1	1	
0	74.10	129.28	0.01	0	1	0	0	0	11.66	1	1	1	1	1	
0	74.10	129.28	0.01	0	1	0	0	0	11.98	1	1	1	1	1	
0	74.10	129.28	0.01	0	1	0	0	0	11.87	1	1	1	1	1	
0	74.10	129.28	0.01	0	1	0	0	0	11.60	1	1	1	1	1	
0	74.10	129.28	0.01	0	1	0	0	0	11.66	1	1	1	1	1	
0	94.43	140.89	0.01	0	1	0	0	0	11.49	1	1	1	1	1	
0	94.43	140.89	0.01	0	1	0	0	0	11.60	1	1	1	1	1	
1	94.43	140.89	0.01	0	1	0	0	0	11.60	1	1	1	1	1	
0	94.43	140.89	0.01	0	1	0	0	0	11.71	1	1	1	1	1	
0	94.43	140.89	0.01	0	1	0	0	0	11.55	1	1	1	1	1	
0	94.43	140.89	0.01	0	1	0	0	0	11.66	1	1	1	1	1	
0	94.43	140.89	0.01	0	1	0	0	0	11.71	1	1	1	1	1	
0	94.43	140.89	0.01	0	1	0	0	0	11.71	1	1	1	1	1	
0	94.43	140.89	0.01	0	1	0	0	0	11.66	1	1	1	1	1	
0	94.43	140.89	0.01	0	1	0	0	0	11.66	1	1	1	1	1	
0	94.43	140.89	0.01	0	1	0	0	0	11.92	1	1	1	1	1	
0	94.43	140.89	0.01	0	1	0	0	0	11.44	1	1	1	1	1	
0	94.43	140.89	0.01	0	1	0	0	0	11.60	1	1	1	1	1	
0	94.43	140.89	0.01	0	1	0	0	0	11.71	1	1	1	1	1	
1	94.43	140.89	0.01	0	1	0	0	0	11.60	1	1	1	1	1	
0	50.40	147.09	0.01	0	1	0	0	0	11.60	1	1	1	1	1	
0	50.40	147.09	0.01	0	1	0	0	0	11.71	1	1	1	1	1	
0	50.40	147.09	0.01	0	1	0	0	0	11.92	1	1	1	1	1	
0	50.40	147.09	0.01	0	1	0	0	0	11.76	1	1	1	1	1	
0	50.40	147.09	0.01	0	1	0	0	0	11.66	1	1	1	1	1	
0	50.40	147.09	0.01	0	1	0	0	0	11.92	1	1	1	1	1	
0	50.40	147.09	0.01	0	1	0	0	0	11.82	1	1	1	1	1	
0	50.40	147.09	0.01	0	1	0	0	0	11.66	1	1	1	1	1	
0	50.40	147.09	0.01	0	1	0	0	0	11.66	1	1	1	1	1	
0	50.40	147.09	0.01	0	1	0	0	0	11.82	1	1	1	1	1	
1	50.40	147.09	0.02	0	1	0	0	0	11.87	1	1	1	1	1	
0	50.40	147.09	0.02	0	1	0	0	0	11.66	1	1	1	1	1	
0	50.40	147.09	0.02	0	1	0	0	0	11.66	1	1	1	1	1	
0	50.40	147.09	0.02	0	1	0	0	0	11.66	1	1	1	1	1	
0	88.31	158.04	0.02	0	1	0	0	0	11.71	1	1	1	1	1	
0	88.31	158.04	0.02	0	1	0	0	0	11.66	1	1	1	1	1	
0	88.31	158.04	0.02	0	1	0	0	0	11.92	1	1	1	1	1	
0	88.31	158.04	0.02	0	1	0	0	0	11.87	1	1	1	1	1	
0	88.31	158.04	0.02	0	1	0	0	0	11.66	1	1	1	1	1	
0	88.31	158.04	0.02	0	1	0	0	0	11.66	1	1	1	1	1	
0	88.31	158.04	0.02	0	1	0	0	0	11.76	1	1	1	1	1	
0	88.31	158.04	0.02	0	1	0	0	0	11.44	1	1	1	1	1	
1	88.31	158.04	0.01	0	1	0	0	0	11.60	1	1	1	1	1	
0	88.31	158.04	0.01	0	1	0	0	0	11.92	1	1	1	1	1	
0	88.31	158.04	0.01	0	1	0	0	0	11.87	1	1	1	1	1	
0	88.31	158.04	0.01	0	1	0	0	0	11.66	1	1	1	1	1	
0	88.31	158.04	0.01	0	1	0	0	0	11.66	1	1	1	1	1	
0	88.31	158.04	0.01	0	1	0	0	0	11.71	1	1	1	1	1	
0	39.78	162.90	0.01	0	1	0	0	0	11.60	1	1	1	1	1	
0	39.78	162.90	0.01	0	1	0	0	0	11.66	1	1	1	1	1	
0	39.78	162.90	0.01	0	1	0	0	0	11.66	1	1	1	1	1	
0	39.78	162.90	0.01	0	1	0	0	0	11.71	1	1	1	1	1	
0	39.78	162.90	0.01	0	1	0	0	0	11.60	1	1	1	1	1	
1	39.78	162.90	0.02	0	1	0	0	0	11.60	1	1	1	1	1	
0	39.78	162.90	0.02	0	1	0	0	0	11.76	1	1	1	1	1	
0	39.78	162.90	0.02	0	1	0	0	0	11.66	1	1	1	1	1	
0	39.78	162.90	0.02	0	1	0	0	0	11.66	1	1	1	1	1	
0	39.78	162.90	0.02	0	1	0	0	0	11.66	1	1	1	1	1	
0	39.78	162.90	0.02	0	1	0	0	0	11.49	1	1	1	1	1	
0	39.78	162.90	0.02	0	1	0	0	0	11.44	1	1	1	1	1	
0	39.78	162.90	0.02	0	1	0	0	0	11.60	1	1	1	1	1	
0	39.78	162.90	0.02	0	1	0	0	0	11.71	1	1	1	1	1	
0	22.28	165.64	0.02	0	1	0	0	0	11.60	1	1	1	1	1	
0	22.28	165.64	0.02	0	1	0	0	0	11.66	1	1	1	1	1	
0	22.28	165.64	0.02	0	1	0	0	0	11.92	1	1	1	1	1	
1	22.28	165.64	0.02	0	1	0	0	0	11.92	1	1	1	1	1	
0	22.28	165.64	0.02	0	1	0	0	0	11.60	1	1	1	1	1	
0	22.28	165.64	0.02	0	1	0	0	0	11.71	1	1	1	1	1	
0	22.28	165.64	0.02	0	1	0	0	0	11.49	1	1	1	1	1	
0	22.28	165.64	0.02	0	1	0	0	0	11.49	1	1	1	1	1	
0	22.28	165.64	0.02	0	1	0	0	0	11.66	1	1	1	1	1	
0	22.28	165.64	0.02	0	1	0	0	0	11.71	1	1	1	1	1	
0	22.28	165.64	0.02	0	1	0	0	0	11.55	1	1	1	1	1	
0	22.28	165.64	0.02	0	1	0	0	0	11.49	1	1	1	1	1	
0	22.28	165.64	0.02	0	1	0	0	0	11.60	1	1	1	1	1	
0	22.28	165.64	0.02	0	1	0	0	0	11.71	1	1	1	1	1	
1	22.28	165.64	0.03	0	1	0	0	0	11.60	1	1	1	1	1	
0	97.58	177.64	0.03	0	1	0	0	0	11.60	1	1	1	1	1	
0	97.58	177.64	0.03	0	1	0	0	0	11.66	1	1	1	1	1	
0	97.58	177.64	0.03	0	1	0	0	0	11.49	1	1	1	1	1	
0	97.58	177.64	0.03	0	1	0	0	0	11.55	1	1	1	1	1	
0	97.58	177.64	0.03	0	1	0	0	0	11.66	1	1	1	1	1	
0	97.58	177.64	0.03	0	1	0	0	0	11.66	1	1	1	1	1	
0	97.58	177.64	0.03	0	1	0	0	0	11.71	1	1	1	1	1	
0	97.58	177.64	0.03	0	1	0	0	0	11.76	1	1	1	1	1	
0	97.58	177.64	0.03	0	1	0	0	0	11.66	1	1	1	1	1	
0	97.58	177.64	0.03	0	1	0	0	0	11.66	1	1	1	1	1	
0	97.58	177.64	0.03	0	1	0	0	0	11.76	1	1	1	1	1	
1	97.58	177.64	0.04	0	1	0	0	0	11.76	1	1	1	1	1	
0	97.58	177.64	0.04	0	1	0	0	0	11.60	1	1	1	1	1	
0	97.58	177.64	0.04	0	1	0	0	0	11.66	1	1	1	1	1	
0	28.81	181.15	0.04	0	1	0	0	0	11.49	1	1	1	1	1	
0	28.81	181.15	0.04	0	1	0	0	0	11.66	1	1	1	1	1	
0	28.81	181.15	0.04	0	1	0	0	0	11.71	1	1	1	1	1	
0	28.81	181.15	0.04	0	1	0	0	0	11.60	1	1	1	1	1	
0	28.81	181.15	0.04	0	1	0	0	0	11.49	1	1	1	1	1	
0	28.81	181.15	0.04	0	1	0	0	0	11.60	1	1	1	1	1	
0	28.81	181.15	0.04	0	1	0	0	0	11.71	1	1	1	1	1	
0	28.81	181.15	0.04	0	1	0	0	0	11.60	1	1	1	1	1	
1	28.81	181.15	0.04	0	1	0	0	0	11.60	1	1	1	1	1	
0	28.81	181.15	0.04	0	1	0	0	0	11.66	1	1	1	1	1	
0	28.81	181.15	0.04	0	1	0	0	0	11.82	1	1	1	1	1	
0	28.81	181.15	0.04	0	1	0	0	0	11.92	1	1	1	1	1	
0	28.81	181.15	0.04	0	1	0	0	0	11.76	1	1	1	1	1	
0	28.81	181.15	0.04	0	1	0	0	0	11.66	1	1	1	1	1	
0	0.00	181.15	0.04	0	1	0	0	0	11.44	1	1	1	1	1	
0	0.00	181.15	0.04	0	1	0	0	0	11.66	1	1	1	1	1	
0	0.00	181.15	0.04	0	1	0	0	0	11.76	1	1	1	1	1	
0	0.00	181.15	0.04	0	1	0	0	0	11.60	1	1	1	1	1	
0	0.00	181.15	0.04	0	1	0	0	0	11.66	1	1	1	1	1	
0	0.00	181.15	0.04	0	1	0	0	0	11.60	1	1	1	1	1	
1	0.00	181.15	0.04	0	1	0	0	0	11.71	1	1	1	1	1	
0	0.00	181.15	0.04	0	1	0	0	0	11.71	1	1	1	1	1	
0	0.00	181.15	0.04	0	1	0	0	0	11.92	1	1	1	1	1	
0	0.00	181.15	0.04	0	1	0	0	0	11.66	1	1	1	1	1	
0	0.00	181.15	0.04	0	1	0	0	0	11.71	1	1	1	1	1	
0	0.00	181.15	0.04	0	1	0	0	0	11.87	1	1	1	1	1	
0	0.00	181.15	0.04	0	1	0	0	0	11.66	1	1	1	1	1	
0	0.00	181.15	0.04	0	1	0	0	0	11.92	1	1	1	1	1	
0	0.00	181.15	0.04	0	1	0	0	0	11.82	1	1	1	1	1	
0	0.00	181.15	0.04	0	1	0	0	0	11.49	1	1	1	1	1	
0	0.00	181.15	0.04	0	1	0	0	0	11.76	1	1	1	1	1	
1	0.00	181.15	0.05	0	1	0	0	0	11.66	1	1	1	1	1	
0	0.00	181.15	0.05	0	1	0	0	0	11.92	1	1	1	1	1	
0	0.00	181.15	0.05	0	1	0	0	0	11.66	1	1	1	1	1	
0	0.00	181.15	0.05	0	1	0	0	0	11.92	1	1	1	1	1	
0	0.00	181.15	0.05	0	1	0	0	0	11.49	1	1	1	1	1	
0	0.00	181.15	0.05	0	1	0	0	0	11.66	1	1	1	1	1	
0	0.00	181.15	0.05	0	1	0	0	0	11.49	1	1	1	1	1	
0	0.00	181.15	0.05	0	1	0	0	0	11.71	1	1	1	1	1	
0	0.00	181.15	0.05	0	1	0	0	0	11.66	1	1	1	1	1	
0	0.00	181.15	0.05	0	1	0	0	0	11.60	1	1	1	1	1	
0	0.00	181.15	0.05	0	1	0	0	0	11.71	1	1	1	1	1	
0	0.00	181.15	0.05	0	1	0	0	0	11.66	1	1	1	1	1	
1	0.00	181.15	0.01	0	1	0	0	0	11.76	1	1	1	1	1	
0	0.00	181.15	0.01	0	1	0	0	0	11.71	1	1	1	1	1	
0	0.00	181.15	0.01	0	1	0	0	0	11.92	1	1	1	1	1	
0	0.00	181.15	0.01	0	1	0	0	0	11.66	1	1	1	1	1	
0	0.00	181.15	0.01	0	1	0	0	0	11.71	1	1	1	1	1	
0	0.00	181.15	0.01	0	1	0	0	0	11.92	1	1	1	1	1	
0	0.00	181.15	0.01	0	1	0	0	0	11.66	1	1	1	1	1	
0	0.00	181.15	0.01	0	1	0	0	0	11.71	1	1	1	1	1	
0	0.00	181.15	0.01	0	1	0	0	0	11.87	1	1	1	1	1	
0	0.00	181.15	0.01	0	1	0	0	0	11.66	1	1	1	1	1	
0	0.00	181.15	0.01	0	1	0	0	0	11.87	1	1	1	1	1	
0	0.00	181.15	0.01	0	1	0	0	0	11.87	1	1	1	1	1	
1	0.00	181.15	0.01	0	1	0	0	0	11.66	1	1	1	1	1	
0	0.00	181.15	0.01	0	1	0	0	0	11.71	1	1	1	1	1	
0	0.00	181.15	0.01	0	1	0	0	0	11.60	1	1	1	1	1	
0	0.00	181.15	0.01	0	1	0	0	0	11.82	1	1	1	1	1	
0	0.00	181.15	0.01	0	1	0	0	0	11.49	1	1	1	1	1	
0	0.00	181.15	0.01	0	1	0	0	0	11.66	1	1	1	1	1	
0	0.00	181.15	0.01	0	1	0	0	0	11.60	1	1	1	1	1	
0	0.00	181.15	0.01	0	1	0	0	0	11.66	1	1	1	1	1	
0	0.00	181.15	0.01	0	1	0	0	0	11.66	1	1	1	1	1	
0	0.00	181.15	0.01	0	1	0	0	0	11.92	1	1	1	1	1	
0	0.00	181.15	0.01	0	1	0	0	0	11.66	1	1	1	1	1	
1	0.00	181.15	0.03	0	1	0	0	0	11.87	1	1	1	1	1	
0	0.00	181.15	0.03	0	1	0	0	0	11.60	1	1	1	1	1	
0	0.00	181.15	0.03	0	1	0	0	0	11.66	1	1	1	1	1	
0	0.00	181.15	0.03	0	1	0	0	0	11.60	1	1	1	1	1	
0	0.00	181.15	0.03	0	1	0	0	0	11.66	1	1	1	1	1	
0	0.00	181.15	0.03	0	1	0	0	0	11.71	1	1	1	1	1	
0	0.00	181.15	0.03	0	1	0	0	0	11.66	1	1	1	1	1	
0	0.00	181.15	0.03	0	1	0	0	0	11.92	1	1	1	1	1	
0	0.00	181.15	0.03	0	1	0	0	0	11.44	1	1	1	1	1	
0	0.00	181.15	0.03	0	1	0	0	0	11.66	1	1	1	1	1	
0	0.00	181.15	0.03	0	1	0	0	0	11.76	1	1	1	1	1	
0	0.00	181.15	0.03	0	1	0	0	0	11.60	1	1	1	1	1	
1	0.00	181.15	0.04	0	1	0	0	0	11.66	1	1	1	1	1	
0	0.00	181.15	0.04	0	1	0	0	0	11.92	1	1	1	1	1	
0	0.00	181.15	0.04	0	1	0	0	0	11.66	1	1	1	1	1	
0	0.00	181.15	0.04	0	1	0	0	0	11.87	1	1	1	1	1	
0	0.00	181.15	0.04	0	1	0	0	0	11.76	1	1	1	1	1	
0	0.00	181.15	0.04	0	1	0	0	0	11.66	1	1	1	1	1	
0	0.00	181.15	0.04	0	1	0	0	0	11.87	1	1	1	1	1	
0	0.00	181.15	0.04	0	1	0	0	0	11.60	1	1	1	1	1	
0	0.00	181.15	0.04	0	1	0	0	0	11.71	1	1	1	1	1	
0	0.00	181.15	0.04	0	1	0	0	0	11.76	1	1	1	1	1	
0	0.00	181.15	0.04	0	1	0	0	0	11.66	1	1	1	1	1	
1	0.00	181.15	0.02	0	1	0	0	0	11.82	1	1	1	1	1	
0	0.00	181.15	0.02	0	1	0	0	0	11.66	1	1	1	1	1	
0	0.00	181.15	0.02	0	1	0	0	0	11.66	1	1	1	1	1	
0	0.00	181.15	0.02	0	1	0	0	0	11.60	1	1	1	1	1	
0	0.00	181.15	0.02	0	1	0	0	0	11.66	1	1	1	1	1	
0	0.00	181.15	0.02	0	1	0	0	0	11.71	1	1	1	1	1	
0	0.00	181.15	0.02	0	1	0	0	0	11.71	1	1	1	1	1	
0	0.00	181.15	0.02	0	1	0	0	0	11.66	1	1	1	1	1	
0	0.00	181.15	0.02	0	1	0	0	0	11.76	1	1	1	1	1	
0	0.00	181.15	0.02	0	1	0	0	0	11.60	1	1	1	1	1	
0	0.00	181.15	0.02	0	1	0	0	0	11.66	1	1	1	1	1	
0	0.00	181.15	0.02	0	1	0	0	0	11.60	1	1	1	1	1	
1	0.00	181.15	0.02	0	1	0	0	0	11.66	1	1	1	1	1	
0	0.00	181.15	0.02	0	1	0	0	0	11.60	1	1	1	1	1	
0	0.00	181.15	0.02	0	1	0	0	0	11.66	1	1	1	1	1	
0	0.00	181.15	0.02	0	1	0	0	0	11.71	1	1	1	1	1	
0	0.00	181.15	0.02	0	1	0	0	0	11.87	1	1	1	1	1	
0	0.00	181.15	0.02	0	1	0	0	0	11.66	1	1	1	1	1	
0	0.00	181.15	0.02	0	1	0	0	0	11.82	1	1	1	1	1	
0	0.00	181.15	0.02	0	1	0	0	0	11.49	1	1	1	1	1	
0	0.00	181.15	0.02	0	1	0	0	0	11.66	1	1	1	1	1	
0	0.00	181.15	0.02	0	1	0	0	0	11.49	1	1	1	1	1	
0	0.00	181.15	0.02	0	1	0	0	0	11.76	1	1	1	1	1	
1	0.00	181.15	0.02	0	1	0	0	0	11.66	1	1	1	1	1	
0	0.00	181.15	0.02	0	1	0	0	0	11.92	1	1	1	1	1	
0	0.00	181.15	0.02	0	1	0	0	0	11.55	1	1	1	1	1	
0	0.00	181.15	0.02	0	1	0	0	0	11.60	1	1	1	1	1	
0	0.00	181.15	0.02	0	1	0	0	0	11.66	1	1	1	1	1	
0	0.00	181.15	0.02	0	1	0	0	0	11.66	1	1	1	1	1	
0	0.00	181.15	0.02	0	1	0	0	0	11.92	1	1	1	1	1	
0	0.00	181.15	0.02	0	1	0	0	0	11.66	1	1	1	1	1	
0	0.00	181.15	0.02	0	1	0	0	0	11.92	1	1	1	1	1	
0	0.00	181.15	0.02	0	1	0	0	0	11.71	1	1	1	1	1	
0	0.00	181.15	0.02	0	1	0	0	0	11.66	1	1	1	1	1	
0	0.00	181.15	0.02	0	1	0	0	0	11.76	1	1	1	1	1	
1	0.00	181.15	0.02	0	1	0	0	0	11.49	1	1	1	1	1	
0	0.00	181.15	0.02	0	1	0	0	0	11.71	1	1	1	1	1	
0	0.00	181.15	0.02	0	1	0	0	0	11.87	1	1	1	1	1	
0	0.00	181.15	0.02	0	1	0	0	0	11.66	1	1	1	1	1	
0	0.00	181.15	0.02	0	1	0	0	0	11.66	1	1	1	1	1	
0	0.00	181.15	0.02	0	1	0	0	0	11.66	1	1	1	1	1	
0	0.00	181.15	0.02	0	1	0	0	0	11.66	1	1	1	1	1	
0	0.00	181.15	0.02	0	1	0	0	0	11.60	1	1	1	1	1	
0	0.00	181.15	0.02	0	1	0	0	0	11.66	1	1	1	1	1	
0	0.00	181.15	0.02	0	1	0	0	0	11.66	1	1	1	1	1	
0	0.00	181.15	0.02	0	1	0	0	0	11.98	1	1	1	1	1	
0	0.00	181.15	0.02	0	1	0	0	0	11.66	1	1	1	1	1	
1	0.00	181.15	0.03	0	1	0	0	0	11.66	1	1	1	1	1	
0	0.00	181.15	0.03	0	1	0	0	0	11.66	1	1	1	1	1	
0	0.00	181.15	0.03	0	1	0	0	0	11.60	1	1	1	1	1	
0	0.00	181.15	0.03	0	1	0	0	0	11.76	1	1	1	1	1	
0	0.00	181.15	0.03	0	1	0	0	0	11.49	1	1	1	1	1	
0	0.00	181.15	0.03	0	1	0	0	0	11.66	1	1	1	1	1	
0	0.00	181.15	0.03	0	1	0	0	0	11.60	1	1	1	1	1	
0	0.00	181.15	0.03	0	1	0	0	0	11.49	1	1	1	1	1	
0	0.00	181.15	0.03	0	1	0	0	0	11.87	1	1	1	1	1	
0	0.00	181.15	0.03	0	1	0	0	0	11.66	1	1	1	1	1	
0	0.00	181.15	0.03	0	1	0	0	0	11.66	1	1	1	1	1	
1	0.00	181.15	0.03	0	1	0	0	0	11.76	1	1	1	1	1	
0	0.00	181.15	0.03	0	1	0	0	0	11.66	1	1	1	1	1	
0	0.00	181.15	0.03	0	1	0	0	0	11.60	1	1	1	1	1	
0	0.00	181.15	0.03	0	1	0	0	0	11.66	1	1	1	1	1	
0	0.00	181.15	0.03	0	1	0	0	0	11.71	1	1	1	1	1	
0	0.00	181.15	0.03	0	1	0	0	0	11.92	1	1	1	1	1	
0	0.00	181.15	0.03	0	1	0	0	0	11.66	1	1	1	1	1	
0	0.00	181.15	0.03	0	1	0	0	0	11.87	1	1	1	1	1	
0	0.00	181.15	0.03	0	1	0	0	0	11.49	1	1	1	1	1	
0	0.00	181.15	0.03	0	1	0	0	0	11.66	1	1	1	1	1	
0	0.00	181.15	0.03	0	1	0	0	0	11.66	1	1	1	1	1	
0	0.00	181.15	0.03	0	1	0	0	0	11.66	1	1	1	1	1	
1	0.00	181.15	0.03	0	1	0	0	0	11.87	1	1	1	1	1	
0	0.00	181.15	0.03	0	1	0	0	0	11.66	1	1	1	1	1	
0	0.00	181.15	0.03	0	1	0	0	0	11.71	1	1	1	1	1	
0	0.00	181.15	0.03	0	1	0	0	0	11.82	1	1	1	1	1	
0	0.00	181.15	0.03	0	1	0	0	0	11.66	1	1	1	1	1	
0	0.00	181.15	0.03	0	1	0	0	0	11.66	1	1	1	1	1	
0	0.00	181.15	0.03	0	1	0	0	0	11.92	1	1	1	1	1	
0	0.00	181.15	0.03	0	1	0	0	0	11.66	1	1	1	1	1	
0	0.00	181.15	0.03	0	1	0	0	0	11.92	1	1	1	1	1	
0	0.00	181.15	0.03	0	1	0	0	0	11.49	1	1	1	1	1	
0	0.00	181.15	0.03	0	1	0	0	0	11.66	1	1	1	1	1	
1	0.00	181.15	0.03	0	1	0	0	0	11.49	1	1	1	1	1	
0	0.00	181.15	0.03	0	1	0	0	0	11.66	1	1	1	1	1	
0	0.00	181.15	0.03	0	1	0	0	0	11.92	1	1	1	1	1	
0	0.00	181.15	0.03	0	1	0	0	0	11.66	1	1	1	1	1	
0	0.00	181.15	0.03	0	1	0	0	0	11.87	1	1	1	1	1	
0	0.00	181.15	0.03	0	1	0	0	0	11.49	1	1	1	1	1	
0	0.00	181.15	0.03	0	1	0	0	0	11.66	1	1	1	1	1	
0	0.00	181.15	0.03	0	1	0	0	0	11.55	1	1	1	1	1	
0	0.00	181.15	0.03	0	1	0	0	0	11.71	1	1	1	1	1	
0	0.00	181.15	0.03	0	1	0	0	0	11.71	1	1	1	1	1	
0	0.00	181.15	0.03	0	1	0	0	0	11.76	1	1	1	1	1	
0	0.00	181.15	0.03	0	1	0	0	0	11.60	1	1	1	1	1	
1	0.00	181.15	0.01	0	1	0	0	0	11.76	1	1	1	1	1	
0	0.00	181.15	0.01	0	1	0	0	0	11.76	1	1	1	1	1	
0	0.00	181.15	0.01	0	1	0	0	0	11.66	1	1	1	1	1	
0	0.00	181.15	0.01	0	1	0	0	0	11.92	1	1	1	1	1	
0	0.00	181.15	0.01	0	1	0	0	0	11.87	1	1	1	1	1	
0	0.00	181.15	0.01	0	1	0	0	0	11.87	1	1	1	1	1	
0	0.00	181.15	0.01	0	1	0	0	0	11.60	1	1	1	1	1	
0	0.00	181.15	0.01	0	1	0	0	0	11.82	1	1	1	1	1	
0	0.00	181.15	0.01	0	1	0	0	0	11.44	1	1	1	1	1	
0	0.00	181.15	0.01	0	1	0	0	0	11.66	1	1	1	1	1	
0	0.00	181.15	0.01	0	1	0	0	0	11.60	1	1	1	1	1	
0	0.00	181.15	0.01	0	1	0	0	0	11.66	1	1	1	1	1	
1	0.00	181.15	0.02	0	1	0	0	0	11.66	1	1	1	1	1	
0	0.00	181.15	0.02	0	1	0	0	0	11.92	1	1	1	1	1	
0	0.00	181.15	0.02	0	1	0	0	0	11.66	1	1	1	1	1	
0	0.00	181.15	0.02	0	1	0	0	0	11.71	1	1	1	1	1	
0	0.00	181.15	0.02	0	1	0	0	0	11.87	1	1	1	1	1	
0	0.00	181.15	0.02	0	1	0	0	0	11.60	1	1	1	1	1	
0	0.00	181.15	0.02	0	1	0	0	0	11.66	1	1	1	1	1	
0	0.00	181.15	0.02	0	1	0	0	0	11.60	1	1	1	1	1	
0	0.00	181.15	0.02	0	1	0	0	0	11.76	1	1	1	1	1	
0	0.00	181.15	0.02	0	1	0	0	0	11.44	1	1	1	1	1	
0	0.00	181.15	0.02	0	1	0	0	0	11.66	1	1	1	1	1	
1	0.00	181.15	0.01	0	1	0	0	0	11.60	1	1	1	1	1	
0	0.00	181.15	0.01	0	1	0	0	0	11.66	1	1	1	1	1	
0	0.00	181.15	0.01	0	1	0	0	0	11.66	1	1	1	1	1	
0	0.00	181.15	0.01	0	1	0	0	0	11.87	1	1	1	1	1	
0	0.00	181.15	0.01	0	1	0	0	0	11.60	1	1	1	1	1	
0	0.00	181.15	0.01	0	1	0	0	0	11.76	1	1	1	1	1	
0	0.00	181.15	0.01	0	1	0	0	0	11.44	1	1	1	1	1	
0	0.00	181.15	0.01	0	1	0	0	0	11.66	1	1	1	1	1	
0	0.00	181.15	0.01	0	1	0	0	0	11.60	1	1	1	1	1	
0	0.00	181.15	0.01	0	1	0	0	0	11.66	1	1	1	1	1	
0	0.00	181.15	0.01	0	1	0	0	0	11.92	1	1	1	1	1	
0	0.00	181.15	0.01	0	1	0	0	0	11.49	1	1	1	1	1	
1	0.00	181.15	0.01	0	1	0	0	0	11.66	1	1	1	1	1	
0	0.00	181.15	0.01	0	1	0	0	0	11.92	1	1	1	1	1	
0	0.00	181.15	0.01	0	1	0	0	0	11.66	1	1	1	1	1	
0	0.00	181.15	0.01	0	1	0	0	0	11.76	1	1	1	1	1	
0	0.00	181.15	0.01	0	1	0	0	0	11.76	1	1	1	1	1	
0	0.00	181.15	0.01	0	1	0	0	0	11.60	1	1	1	1	1	
0	0.00	181.15	0.01	0	1	0	0	0	11.76	1	1	1	1	1	
0	0.00	181.15	0.01	0	1	0	0	0	11.60	1	1	1	1	1	
0	0.00	181.15	0.01	0	1	0	0	0	11.66	1	1	1	1	1	
0	0.00	181.15	0.01	0	1	0	0	0	11.60	1	1	1	1	1	
0	0.00	181.15	0.01	0	1	0	0	0	11.66	1	1	1	1	1	
1	0.00	181.15	0.03	0	1	0	0	0	11.71	1	1	1	1	1	
0	0.00	181.15	0.03	0	1	0	0	0	11.71	1	1	1	1	1	
0	0.00	181.15	0.03	0	1	0	0	0	11.66	1	1	1	1	1	
0	0.00	181.15	0.03	0	1	0	0	0	11.87	1	1	1	1	1	
0	0.00	181.15	0.03	0	1	0	0	0	11.60	1	1	1	1	1	
0	0.00	181.15	0.03	0	1	0	0	0	11.76	1	1	1	1	1	
0	0.00	181.15	0.03	0	1	0	0	0	11.60	1	1	1	1	1	
0	0.00	181.15	0.03	0	1	0	0	0	11.66	1	1	1	1	1	
0	0.00	181.15	0.03	0	1	0	0	0	11.60	1	1	1	1	1	
0	0.00	181.15	0.03	0	1	0	0	0	11.66	1	1	1	1	1	
0	0.00	181.15	0.03	0	1	0	0	0	11.71	1	1	1	1	1	
0	0.00	181.15	0.03	0	1	0	0	0	11.87	1	1	1	1	1	
1	0.00	181.15	0.03	0	1	0	0	0	11.66	1	1	1	1	1	
0	0.00	181.15	0.03	0	1	0	0	0	11.60	1	1	1	1	1	
0	0.00	181.15	0.03	0	1	0	0	0	11.66	1	1	1	1	1	
0	0.00	181.15	0.03	0	1	0	0	0	11.66	1	1	1	1	1	
0	0.00	181.15	0.03	0	1	0	0	0	11.66	1	1	1	1	1	
0	0.00	181.15	0.03	0	1	0	0	0	11.87	1	1	1	1	1	
0	0.00	181.15	0.03	0	1	0	0	0	11.76	1	1	1	1	1	
0	0.00	181.15	0.03	0	1	0	0	0	11.66	1	1	1	1	1	
0	0.00	181.15	0.03	0	1	0	0	0	11.76	1	1	1	1	1	
0	0.00	181.15	0.03	0	1	0	0	0	11.60	1	1	1	1	1	
0	0.00	181.15	0.03	0	1	0	0	0	11.66	1	1	1	1	1	
0	0.00	181.15	0.03	0	1	0	0	0	11.55	1	1	1	1	1	
1	0.00	181.15	0.02	0	1	0	0	0	11.76	1	1	1	1	1	
0	0.00	181.15	0.02	0	1	0	0	0	11.92	1	1	1	1	1	
0	0.00	181.15	0.02	0	1	0	0	0	11.49	1	1	1	1	1	
0	0.00	181.15	0.02	0	1	0	0	0	11.66	1	1	1	1	1	
0	0.00	181.15	0.02	0	1	0	0	0	11.76	1	1	1	1	1	
0	0.00	181.15	0.02	0	1	0	0	0	11.49	1	1	1	1	1	
0	0.00	181.15	0.02	0	1	0	0	0	11.87	1	1	1	1	1	
0	0.00	181.15	0.02	0	1	0	0	0	11.49	1	1	1	1	1	
0	0.00	181.15	0.02	0	1	0	0	0	11.66	1	1	1	1	1	
0	0.00	181.15	0.02	0	1	0	0	0	11.49	1	1	1	1	1	
0	0.00	181.15	0.02	0	1	0	0	0	11.76	1	1	1	1	1	
1	0.00	181.15	0.01	0	1	0	0	0	11.66	1	1	1	1	1	
0	0.00	181.15	0.01	0	1	0	0	0	11.76	1	1	1	1	1	
0	0.00	181.15	0.01	0	1	0	0	0	11.66	1	1	1	1	1	
0	0.00	181.15	0.01	0	1	0	0	0	11.87	1	1	1	1	1	
0	0.00	181.15	0.01	0	1	0	0	0	11.49	1	1	1	1	1	
0	0.00	181.15	0.01	0	1	0	0	0	11.66	1	1	1	1	1	
0	0.00	181.15	0.01	0	1	0	0	0	11.55	1	1	1	1	1	
0	0.00	181.15	0.01	0	1	0	0	0	11.76	1	1	1	1	1	
0	0.00	181.15	0.01	0	1	0	0	0	11.66	1	1	1	1	1	
0	0.00	181.15	0.01	0	1	0	0	0	11.66	1	1	1	1	1	
0	0.00	181.15	0.01	0	1	0	0	0	11.66	1	1	1	1	1	
0	0.00	181.15	0.01	0	1	0	0	0	11.66	1	1	1	1	1	
1	0.00	181.15	0.02	0	1	0	0	0	11.49	1	1	1	1	1	
0	0.00	181.15	0.02	0	1	0	0	0	11.71	1	1	1	1	1	
0	0.00	181.15	0.02	0	1	0	0	0	11.92	1	1	1	1	1	
0	0.00	181.15	0.02	0	1	0	0	0	11.66	1	1	1	1	1	
0	0.00	181.15	0.02	0	1	0	0	0	11.71	1	1	1	1	1	
0	0.00	181.15	0.02	0	1	0	0	0	11.92	1	1	1	1	1	
0	0.00	181.15	0.02	0	1	0	0	0	11.66	1	1	1	1	1	
0	0.00	181.15	0.02	0	1	0	0	0	11.92	1	1	1	1	1	
0	0.00	181.15	0.02	0	1	0	0	0	11.44	1	1	1	1	1	
0	0.00	181.15	0.02	0	1	0	0	0	11.66	1	1	1	1	1	
0	0.00	181.15	0.02	0	1	0	0	0	11.87	1	1	1	1	1	
1	0.00	181.15	0.05	0	1	0	0	0	11.44	1	1	1	1	1	
0	0.00	181.15	0.05	0	1	0	0	0	11.60	1	1	1	1	1	
0	0.00	181.15	0.05	0	1	0	0	0	11.66	1	1	1	1	1	
0	0.00	181.15	0.05	0	1	0	0	0	11.71	1	1	1	1	1	
0	0.00	181.15	0.05	0	1	0	0	0	11.87	1	1	1	1	1	
0	0.00	181.15	0.05	0	1	0	0	0	11.66	1	1	1	1	1	
0	0.00	181.15	0.05	0	1	0	0	0	11.92	1	1	1	1	1	
0	0.00	181.15	0.05	0	1	0	0	0	11.76	1	1	1	1	1	
0	0.00	181.15	0.05	0	1	0	0	0	11.66	1	1	1	1	1	
0	0.00	181.15	0.05	0	1	0	0	0	11.82	1	1	1	1	1	
0	0.00	181.15	0.05	0	1	0	0	0	11.49	1	1	1	1	1	
0	0.00	181.15	0.05	0	1	0	0	0	11.66	1	1	1	1	1	
1	0.00	181.15	0.04	0	1	0	0	0	11.55	1	1	1	1	1	
0	0.00	181.15	0.04	0	1	0	0	0	11.66	1	1	1	1	1	
0	0.00	181.15	0.04	0	1	0	0	0	11.71	1	1	1	1	1	
0	0.00	181.15	0.04	0	1	0	0	0	11.66	1	1	1	1	1	
0	0.00	181.15	0.04	0	1	0	0	0	11.71	1	1	1	1	1	
0	0.00	181.15	0.04	0	1	0	0	0	11.92	1	1	1	1	1	
0	0.00	181.15	0.04	0	1	0	0	0	11.66	1	1	1	1	1	
0	0.00	181.15	0.04	0	1	0	0	0	11.66	1	1	1	1	1	
0	0.00	181.15	0.04	0	1	0	0	0	11.87	1	1	1	1	1	
0	0.00	181.15	0.04	0	1	0	0	0	11.66	1	1	1	1	1	
0	0.00	181.15	0.04	0	1	0	0	0	11.71	1	1	1	1	1	
0	0.00	181.15	0.04	0	1	0	0	0	11.98	1	1	1	1	1	
1	0.00	181.15	0.02	0	1	0	0	0	11.66	1	1	1	1	1	
0	0.00	181.15	0.02	0	1	0	0	0	11.82	1	1	1	1	1	
0	0.00	181.15	0.02	0	1	0	0	0	11.71	1	1	1	1	1	
0	0.00	181.15	0.02	0	1	0	0	0	11.60	1	1	1	1	1	
0	0.00	181.15	0.02	0	1	0	0	0	11.76	1	1	1	1	1	
0	0.00	181.15	0.02	0	1	0	0	0	11.49	1	1	1	1	1	
0	0.00	181.15	0.02	0	1	0	0	0	11.66	1	1	1	1	1	
0	0.00	181.15	0.02	0	1	0	0	0	11.92	1	1	1	1	1	
0	0.00	181.15	0.02	0	1	0	0	0	11.60	1	1	1	1	1	
0	0.00	181.15	0.02	0	1	0	0	0	11.82	1	1	1	1	1	
0	0.00	181.15	0.02	0	1	0	0	0	11.44	1	1	1	1	1	
1	0.00	181.15	0.00	0	1	0	0	0	11.66	1	1	1	1	1	
0	0.00	181.15	0.00	0	1	0	0	0	11.82	1	1	1	1	1	
0	0.00	181.15	0.00	0	1	0	0	0	11.60	1	1	1	1	1	
0	0.00	181.15	0.00	0	1	0	0	0	11.82	1	1	1	1	1	
0	0.00	181.15	0.00	0	1	0	0	0	11.44	1	1	1	1	1	
0	0.00	181.15	0.00	0	1	0	0	0	11.66	1	1	1	1	1	
0	0.00	181.15	0.00	0	1	0	0	0	11.60	1	1	1	1	1	
0	0.00	181.15	0.00	0	1	0	0	0	11.66	1	1	1	1	1	
0	0.00	181.15	0.00	0	1	0	0	0	11.66	1	1	1	1	1	
0	0.00	181.15	0.00	0	1	0	0	0	11.66	1	1	1	1	1	
0	0.00	181.15	0.00	0	1	0	0	0	11.87	1	1	1	1	1	
0	0.00	181.15	0.00	0	1	0	0	0	11.76	1	1	1	1	1	
1	0.00	181.15	0.00	0	1	0	0	0	11.66	1	1	1	1	1	
0	0.00	181.15	0.00	0	1	0	0	0	11.60	1	1	1	1	1	
0	0.00	181.15	0.00	0	1	0	0	0	11.66	1	1	1	1	1	
0	0.00	181.15	0.00	0	1	0	0	0	11.66	1	1	1	1	1	
0	0.00	181.15	0.00	0	1	0	0	0	11.87	1	1	1	1	1	
0	0.00	181.15	0.00	0	1	0	0	0	11.66	1	1	1	1	1	
0	0.00	181.15	0.00	0	1	0	0	0	11.92	1	1	1	1	1	
0	0.00	181.15	0.00	0	1	0	0	0	11.49	1	1	1	1	1	
0	0.00	181.15	0.00	0	1	0	0	0	11.66	1	1	1	1	1	
0	0.00	181.15	0.00	0	1	0	0	0	11.76	1	1	1	1	1	
0	0.00	181.15	0.00	0	1	0	0	0	11.60	1	1	1	1	1	
1	0.00	181.15	0.02	0	1	0	0	0	11.66	1	1	1	1	1	
0	0.00	181.15	0.02	0	1	0	0	0	11.66	1	1	1	1	1	
0	0.00	181.15	0.02	0	1	0	0	0	11.66	1	1	1	1	1	
0	0.00	181.15	0.02	0	1	0	0	0	11.71	1	1	1	1	1	
0	0.00	181.15	0.02	0	1	0	0	0	11.66	1	1	1	1	1	
0	0.00	181.15	0.02	0	1	0	0	0	11.71	1	1	1	1	1	
0	0.00	181.15	0.02	0	1	0	0	0	11.92	1	1	1	1	1	
0	0.00	181.15	0.02	0	1	0	0	0	11.66	1	1	1	1	1	
0	0.00	181.15	0.02	0	1	0	0	0	11.71	1	1	1	1	1	
0	0.00	181.15	0.02	0	1	0	0	0	11.76	1	1	1	1	1	
0	0.00	181.15	0.02	0	1	0	0	0	11.66	1	1	1	1	1	
0	0.00	181.15	0.02	0	1	0	0	0	11.60	1	1	1	1	1	
1	0.00	181.15	0.01	0	1	0	0	0	11.66	1	1	1	1	1	
0	0.00	181.15	0.01	0	1	0	0	0	11.87	1	1	1	1	1	
0	0.00	181.15	0.01	0	1	0	0	0	11.87	1	1	1	1	1	
0	0.00	181.15	0.01	0	1	0	0	0	11.87	1	1	1	1	1	
0	0.00	181.15	0.01	0	1	0	0	0	11.71	1	1	1	1	1	
0	0.00	181.15	0.01	0	1	0	0	0	11.66	1	1	1	1	1	
0	0.00	181.15	0.01	0	1	0	0	0	11.76	1	1	1	1	1	
0	0.00	181.15	0.01	0	1	0	0	0	11.60	1	1	1	1	1	
0	0.00	181.15	0.01	0	1	0	0	0	11.66	1	1	1	1	1	
0	0.00	181.15	0.01	0	1	0	0	0	11.60	1	1	1	1	1	
0	0.00	181.15	0.01	0	1	0	0	0	11.71	1	1	1	1	1	
0	0.00	181.15	0.01	0	1	0	0	0	11.66	1	1	1	1	1	
1	0.00	181.15	0.00	0	1	0	0	0	11.92	1	1	1	1	1	
0	0.00	181.15	0.00	0	1	0	0	0	11.66	1	1	1	1	1	
0	0.00	181.15	0.00	0	1	0	0	0	11.71	1	1	1	1	1	
0	0.00	181.15	0.00	0	1	0	0	0	11.71	1	1	1	1	1	
0	0.00	181.15	0.00	0	1	0	0	0	11.66	1	1	1	1	1	
0	0.00	181.15	0.00	0	1	0	0	0	11.66	1	1	1	1	1	
0	0.00	181.15	0.00	0	1	0	0	0	11.82	1	1	1	1	1	
0	0.00	181.15	0.00	0	1	0	0	0	11.44	1	1	1	1	1	
0	0.00	181.15	0.00	0	1	0	0	0	11.66	1	1	1	1	1	
0	0.00	181.15	0.00	0	1	0	0	0	11.60	1	1	1	1	1	
0	0.00	181.15	0.00	0	1	0	0	0	11.66	1	1	1	1	1	
1	0.00	181.15	0.01	0	1	0	0	0	11.66	1	1	1	1	1	
0	0.00	181.15	0.01	0	1	0	0	0	11.71	1	1	1	1	1	
0	0.00	181.15	0.01	0	1	0	0	0	11.60	1	1	1	1	1	
0	0.00	181.15	0.01	0	1	0	0	0	11.76	1	1	1	1	1	
0	0.00	181.15	0.01	0	1	0	0	0	11.60	1	1	1	1	1	
0	0.00	181.15	0.01	0	1	0	0	0	11.66	1	1	1	1	1	
0	0.00	181.15	0.01	0	1	0	0	0	11.82	1	1	1	1	1	
0	0.00	181.15	0.01	0	1	0	0	0	11.66	1	1	1	1	1	
0	0.00	181.15	0.01	0	1	0	0	0	11.66	1	1	1	1	1	
0	0.00	181.15	0.01	0	1	0	0	0	11.66	1	1	1	1	1	
0	0.00	181.15	0.01	0	1	0	0	0	11.66	1	1	1	1	1	
0	0.00	181.15	0.01	0	1	0	0	0	11.92	1	1	1	1	1	
1	0.00	181.15	0.00	0	1	0	0	0	11.66	1	1	1	1	1	
0	0.00	181.15	0.00	0	1	0	0	0	11.76	1	1	1	1	1	
0	0.00	181.15	0.00	0	1	0	0	0	11.49	1	1	1	1	1	
0	0.00	181.15	0.00	0	1	0	0	0	11.66	1	1	1	1	1	
0	0.00	181.15	0.00	0	1	0	0	0	11.66	1	1	1	1	1	
0	0.00	181.15	0.00	0	1	0	0	0	11.49	1	1	1	1	1	
0	0.00	181.15	0.00	0	1	0	0	0	11.66	1	1	1	1	1	
0	0.00	181.15	0.00	0	1	0	0	0	11.60	1	1	1	1	1	
0	0.00	181.15	0.00	0	1	0	0	0	11.66	1	1	1	1	1	
0	0.00	181.15	0.00	0	1	0	0	0	11.66	1	1	1	1	1	
0	0.00	181.15	0.00	0	1	0	0	0	11.60	1	1	1	1	1	
1	0.00	181.15	0.00	0	1	0	0	0	11.49	1	1	1	1	1	
0	0.00	181.15	0.00	0	1	0	0	0	11.44	1	1	1	1	1	
0	0.00	181.15	0.00	0	1	0	0	0	11.66	1	1	1	1	1	
0	0.00	181.15	0.00	0	1	0	0	0	11.60	1	1	1	1	1	
0	0.00	181.15	0.00	0	1	0	0	0	11.66	1	1	1	1	1	
0	0.00	181.15	0.00	0	1	0	0	0	11.71	1	1	1	1	1	
0	0.00	181.15	0.00	0	1	0	0	0	11.92	1	1	1	1	1	
0	0.00	181.15	0.00	0	1	0	0	0	11.66	1	1	1	1	1	
0	0.00	181.15	0.00	0	1	0	0	0	11.87	1	1	1	1	1	
0	0.00	181.15	0.00	0	1	0	0	0	11.49	1	1	1	1	1	
0	0.00	181.15	0.00	0	1	0	0	0	11.66	1	1	1	1	1	
0	0.00	181.15	0.00	0	1	0	0	0	11.49	1	1	1	1	1	
1	0.00	181.15	0.00	0	1	0	0	0	11.71	1	1	1	1	1	
0	0.00	181.15	0.00	0	1	0	0	0	11.66	1	1	1	1	1	
0	0.00	181.15	0.00	0	1	0	0	0	11.82	1	1	1	1	1	
0	0.00	181.15	0.00	0	1	0	0	0	11.71	1	1	1	1	1	
0	0.00	181.15	0.00	0	1	0	0	0	11.92	1	1	1	1	1	
0	0.00	181.15	0.00	0	1	0	0	0	11.66	1	1	1	1	1	
0	0.00	181.15	0.00	0	1	0	0	0	11.87	1	1	1	1	1	
0	0.00	181.15	0.00	0	1	0	0	0	11.49	1	1	1	1	1	
0	0.00	181.15	0.00	0	1	0	0	0	11.66	1	1	1	1	1	
0	0.00	181.15	0.00	0	1	0	0	0	11.49	1	1	1	1	1	
0	0.00	181.15	0.00	0	1	0	0	0	11.76	1	1	1	1	1	
0	0.00	181.15	0.00	0	1	0	0	0	11.66	1	1	1	1	1	
1	0.00	181.15	0.02	0	1	0	0	0	11.55	1	1	1	1	1	
0	0.00	181.15	0.02	0	1	0	0	0	11.66	1	1	1	1	1	
0	0.00	181.15	0.02	0	1	0	0	0	11.71	1	1	1	1	1	
0	0.00	181.15	0.02	0	1	0	0	0	11.92	1	1	1	1	1	
0	0.00	181.15	0.02	0	1	0	0	0	11.66	1	1	1	1	1	
0	0.00	181.15	0.02	0	1	0	0	0	11.92	1	1	1	1	1	
0	0.00	181.15	0.02	0	1	0	0	0	11.66	1	1	1	1	1	
0	0.00	181.15	0.02	0	1	0	0	0	11.87	1	1	1	1	1	
0	0.00	181.15	0.02	0	1	0	0	0	11.44	1	1	1	1	1	
0	0.00	181.15	0.02	0	1	0	0	0	11.66	1	1	1	1	1	
0	0.00	181.15	0.02	0	1	0	0	0	11.49	1	1	1	1	1	
1	0.00	181.15	0.03	0	1	0	0	0	11.76	1	1	1	1	1	
0	0.00	181.15	0.03	0	1	0	0	0	11.71	1	1	1	1	1	
0	0.00	181.15	0.03	0	1	0	0	0	11.76	1	1	1	1	1	
0	0.00	181.15	0.03	0	1	0	0	0	11.66	1	1	1	1	1	
0	0.00	181.15	0.03	0	1	0	0	0	11.49	1	1	1	1	1	
0	0.00	181.15	0.03	0	1	0	0	0	11.76	1	1	1	1	1	
0	0.00	181.15	0.03	0	1	0	0	0	11.71	1	1	1	1	1	
0	0.00	181.15	0.03	0	1	0	0	0	11.87	1	1	1	1	1	
0	0.00	181.15	0.03	0	1	0	0	0	11.17	1	1	1	1	1	
0	0.00	181.15	0.03	0	1	0	0	0	11.60	1	1	1	1	1	
0	0.00	181.15	0.03	0	1	0	0	0	11.71	1	1	1	1	1	
0	0.00	181.15	0.03	0	1	0	0	0	11.60	1	1	1	1	1	
1	0.00	181.15	0.00	0	1	0	0	0	11.66	1	1	1	1	1	
0	0.00	181.15	0.00	0	1	0	0	0	11.76	1	1	1	1	1	
0	0.00	181.15	0.00	0	1	0	0	0	11.44	1	1	1	1	1	
0	0.00	181.15	0.00	0	1	0	0	0	11.66	1	1	1	1	1	
0	0.00	181.15	0.00	0	1	0	0	0	11.60	1	1	1	1	1	
0	0.00	181.15	0.00	0	1	0	0	0	11.66	1	1	1	1	1	
0	0.00	181.15	0.00	0	1	0	0	0	11.71	1	1	1	1	1	
0	0.00	181.15	0.00	0	1	0	0	0	11.87	1	1	1	1	1	
0	0.00	181.15	0.00	0	1	0	0	0	11.66	1	1	1	1	1	
0	0.00	181.15	0.00	0	1	0	0	0	11.87	1	1	1	1	1	
0	0.00	181.15	0.00	0	1	0	0	0	11.76	1	1	1	1	1	
1	0.00	181.15	0.00	0	1	0	0	0	11.82	1	1	1	1	1	
0	0.00	181.15	0.00	0	1	0	0	0	11.49	1	1	1	1	1	
0	0.00	181.15	0.00	0	1	0	0	0	11.66	1	1	1	1	1	
0	0.00	181.15	0.00	0	1	0	0	0	11.60	1	1	1	1	1	
0	0.00	181.15	0.00	0	1	0	0	0	11.66	1	1	1	1	1	
0	0.00	181.15	0.00	0	1	0	0	0	11.71	1	1	1	1	1	
0	0.00	181.15	0.00	0	1	0	0	0	11.92	1	1	1	1	1	
0	0.00	181.15	0.00	0	1	0	0	0	11.66	1	1	1	1	1	
0	0.00	181.15	0.00	0	1	0	0	0	11.87	1	1	1	1	1	
0	0.00	181.15	0.00	0	1	0	0	0	11.49	1	1	1	1	1	
0	0.00	181.15	0.00	0	1	0	0	0	11.66	1	1	1	1	1	
0	0.00	181.15	0.00	0	1	0	0	0	11.49	1	1	1	1	1	
1	0.00	181.15	0.00	0	1	0	0	0	11.76	1	1	1	1	1	
0	0.00	181.15	0.00	0	1	0	0	0	11.92	1	1	1	1	1	
0	0.00	181.15	0.00	0	1	0	0	0	11.66	1	1	1	1	1	
0	0.00	181.15	0.00	0	1	0	0	0	11.76	1	1	1	1	1	
0	0.00	181.15	0.00	0	1	0	0	0	11.76	1	1	1	1	1	
0	0.00	181.15	0.00	0	1	0	0	0	11.66	1	1	1	1	1	
0	0.00	181.15	0.00	0	1	0	0	0	11.92	1	1	1	1	1	
0	0.00	181.15	0.00	0	1	0	0	0	11.60	1	1	1	1	1	
0	0.00	181.15	0.00	0	1	0	0	0	11.82	1	1	1	1	1	
0	0.00	181.15	0.00	0	1	0	0	0	11.44	1	1	1	1	1	
0	0.00	181.15	0.00	0	1	0	0	0	11.66	1	1	1	1	1	
0	0.00	181.15	0.00	0	1	0	0	0	11.60	1	1	1	1	1	
1	0.00	181.15	0.03	0	1	0	0	0	11.66	1	1	1	1	1	
0	0.00	181.15	0.03	0	1	0	0	0	11.71	1	1	1	1	1	
0	0.00	181.15	0.03	0	1	0	0	0	11.76	1	1	1	1	1	
0	0.00	181.15	0.03	0	1	0	0	0	11.60	1	1	1	1	1	
0	0.00	181.15	0.03	0	1	0	0	0	11.66	1	1	1	1	1	
0	0.00	181.15	0.03	0	1	0	0	0	11.66	1	1	1	1	1	
0	0.00	181.15	0.03	0	1	0	0	0	11.71	1	1	1	1	1	
0	0.00	181.15	0.03	0	1	0	0	0	11.76	1	1	1	1	1	
0	0.00	181.15	0.03	0	1	0	0	0	11.60	1	1	1	1	1	
0	0.00	181.15	0.03	0	1	0	0	0	11.71	1	1	1	1	1	
0	0.00	181.15	0.03	0	1	0	0	0	11.60	1	1	1	1	1	
1	0.00	181.15	0.02	0	1	0	0	0	11.66	1	1	1	1	1	
0	0.00	181.15	0.02	0	1	0	0	0	11.92	1	1	1	1	1	
0	0.00	181.15	0.02	0	1	0	0	0	11.60	1	1	1	1	1	
0	0.00	181.15	0.02	0	1	0	0	0	11.82	1	1	1	1	1	
0	0.00	181.15	0.02	0	1	0	0	0	11.49	1	1	1	1	1	
0	0.00	181.15	0.02	0	1	0	0	0	11.66	1	1	1	1	1	
0	0.00	181.15	0.02	0	1	0	0	0	11.71	1	1	1	1	1	
0	0.00	181.15	0.02	0	1	0	0	0	11.92	1	1	1	1	1	
0	0.00	181.15	0.02	0	1	0	0	0	11.71	1	1	1	1	1	
0	0.00	181.15	0.02	0	1	0	0	0	11.92	1	1	1	1	1	
0	0.00	181.15	0.02	0	1	0	0	0	11.60	1	1	1	1	1	
0	0.00	181.15	0.02	0	1	0	0	0	11.82	1	1	1	1	1	
1	0.00	181.15	0.01	0	1	0	0	0	11.76	1	1	1	1	1	
0	0.00	181.15	0.01	0	1	0	0	0	11.66	1	1	1	1	1	
0	0.00	181.15	0.01	0	1	0	0	0	11.55	1	1	1	1	1	
0	0.00	181.15	0.01	0	1	0	0	0	11.60	1	1	1	1	1	
0	0.00	181.15	0.01	0	1	0	0	0	11.66	1	1	1	1	1	
0	0.00	181.15	0.01	0	1	0	0	0	11.49	1	1	1	1	1	
0	0.00	181.15	0.01	0	1	0	0	0	11.76	1	1	1	1	1	
0	0.00	181.15	0.01	0	1	0	0	0	11.66	1	1	1	1	1	
0	0.00	181.15	0.01	0	1	0	0	0	11.55	1	1	1	1	1	
0	0.00	181.15	0.01	0	1	0	0	0	11.71	1	1	1	1	1	
0	0.00	181.15	0.01	0	1	0	0	0	11.66	1	1	1	1	1	
1	0.00	181.15	0.02	0	1	0	0	0	11.66	1	1	1	1	1	
0	0.00	181.15	0.02	0	1	0	0	0	11.82	1	1	1	1	1	
0	0.00	181.15	0.02	0	1	0	0	0	11.49	1	1	1	1	1	
0	0.00	181.15	0.02	0	1	0	0	0	11.66	1	1	1	1	1	
0	0.00	181.15	0.02	0	1	0	0	0	11.55	1	1	1	1	1	
0	0.00	181.15	0.02	0	1	0	0	0	11.76	1	1	1	1	1	
0	0.00	181.15	0.02	0	1	0	0	0	11.66	1	1	1	1	1	
0	0.00	181.15	0.02	0	1	0	0	0	11.87	1	1	1	1	1	
0	0.00	181.15	0.02	0	1	0	0	0	11.66	1	1	1	1	1	
0	0.00	181.15	0.02	0	1	0	0	0	11.71	1	1	1	1	1	
0	0.00	181.15	0.02	0	1	0	0	0	11.76	1	1	1	1	1	
0	0.00	181.15	0.02	0	1	0	0	0	11.60	1	1	1	1	1	
1	0.00	181.15	0.00	0	1	0	0	0	11.76	1	1	1	1	1	
0	0.00	181.15	0.00	0	1	0	0	0	11.60	1	1	1	1	1	
0	0.00	181.15	0.00	0	1	0	0	0	11.55	1	1	1	1	1	
0	0.00	181.15	0.00	0	1	0	0	0	11.76	1	1	1	1	1	
0	0.00	181.15	0.00	0	1	0	0	0	11.66	1	1	1	1	1	
0	0.00	181.15	0.00	0	1	0	0	0	11.92	1	1	1	1	1	
0	0.00	181.15	0.00	0	1	0	0	0	11.60	1	1	1	1	1	
0	0.00	181.15	0.00	0	1	0	0	0	11.82	1	1	1	1	1	
0	0.00	181.15	0.00	0	1	0	0	0	11.44	1	1	1	1	1	
0	0.00	181.15	0.00	0	1	0	0	0	11.66	1	1	1	1	1	
0	0.00	181.15	0.00	0	1	0	0	0	11.60	1	1	1	1	1	
0	0.00	181.15	0.00	0	1	0	0	0	11.66	1	1	1	1	1	
1	0.00	181.15	0.02	0	1	0	0	0	11.66	1	1	1	1	1	
0	0.00	181.15	0.02	0	1	0	0	0	11.71	1	1	1	1	1	
0	0.00	181.15	0.02	0	1	0	0	0	11.60	1	1	1	1	1	
0	0.00	181.15	0.02	0	1	0	0	0	11.71	1	1	1	1	1	
0	0.00	181.15	0.02	0	1	0	0	0	11.66	1	1	1	1	1	
0	0.00	181.15	0.02	0	1	0	0	0	11.60	1	1	1	1	1	
0	0.00	181.15	0.02	0	1	0	0	0	11.66	1	1	1	1	1	
0	0.00	181.15	0.02	0	1	0	0	0	11.66	1	1	1	1	1	
0	0.00	181.15	0.02	0	1	0	0	0	11.98	1	1	1	1	1	
0	0.00	181.15	0.02	0	1	0	0	0	11.66	1	1	1	1	1	
0	0.00	181.15	0.02	0	1	0	0	0	11.92	1	1	1	1	1	
1	0.00	181.15	0.02	0	1	0	0	0	11.49	1	1	1	1	1	
0	0.00	181.15	0.02	0	1	0	0	0	11.66	1	1	1	1	1	
0	0.00	181.15	0.02	0	1	0	0	0	11.60	1	1	1	1	1	
0	0.00	181.15	0.02	0	1	0	0	0	11.66	1	1	1	1	1	
0	0.00	181.15	0.02	0	1	0	0	0	11.71	1	1	1	1	1	
0	0.00	181.15	0.02	0	1	0	0	0	11.92	1	1	1	1	1	
0	0.00	181.15	0.02	0	1	0	0	0	11.66	1	1	1	1	1	
0	0.00	181.15	0.02	0	1	0	0	0	11.71	1	1	1	1	1	
0	0.00	181.15	0.02	0	1	0	0	0	11.66	1	1	1	1	1	
0	0.00	181.15	0.02	0	1	0	0	0	11.71	1	1	1	1	1	
0	0.00	181.15	0.02	0	1	0	0	0	11.92	1	1	1	1	1	
0	0.00	181.15	0.02	0	1	0	0	0	11.66	1	1	1	1	1	
1	0.00	181.15	0.02	0	1	0	0	0	11.71	1	1	1	1	1	
0	0.00	181.15	0.02	0	1	0	0	0	11.44	1	1	1	1	1	
0	0.00	181.15	0.02	0	1	0	0	0	11.66	1	1	1	1	1	
0	0.00	181.15	0.02	0	1	0	0	0	11.60	1	1	1	1	1	
0	0.00	181.15	0.02	0	1	0	0	0	11.66	1	1	1	1	1	
0	0.00	181.15	0.02	0	1	0	0	0	11.66	1	1	1	1	1	
0	0.00	181.15	0.02	0	1	0	0	0	11.87	1	1	1	1	1	
0	0.00	181.15	0.02	0	1	0	0	0	11.66	1	1	1	1	1	
0	0.00	181.15	0.02	0	1	0	0	0	11.71	1	1	1	1	1	
0	0.00	181.15	0.02	0	1	0	0	0	11.60	1	1	1	1	1	
0	0.00	181.15	0.02	0	1	0	0	0	11.71	1	1	1	1	1	
1	0.00	181.15	0.00	0	1	0	0	0	11.87	1	1	1	1	1	
0	0.00	181.15	0.00	0	1	0	0	0	11.66	1	1	1	1	1	
0	0.00	181.15	0.00	0	1	0	0	0	11.66	1	1	1	1	1	
0	0.00	181.15	0.00	0	1	0	0	0	11.66	1	1	1	1	1	
0	0.00	181.15	0.00	0	1	0	0	0	11.66	1	1	1	1	1	
0	0.00	181.15	0.00	0	1	0	0	0	11.98	1	1	1	1	1	
0	0.00	181.15	0.00	0	1	0	0	0	11.66	1	1	1	1	1	
0	0.00	181.15	0.00	0	1	0	0	0	11.87	1	1	1	1	1	
0	0.00	181.15	0.00	0	1	0	0	0	11.49	1	1	1	1	1	
0	0.00	181.15	0.00	0	1	0	0	0	11.66	1	1	1	1	1	
0	0.00	181.15	0.00	0	1	0	0	0	11.49	1	1	1	1	1	
0	0.00	181.15	0.00	0	1	0	0	0	11.76	1	1	1	1	1	
1	0.00	181.15	0.00	0	1	0	0	0	11.66	1	1	1	1	1	
0	0.00	181.15	0.00	0	1	0	0	0	11.66	1	1	1	1	1	
0	0.00	181.15	0.00	0	1	0	0	0	11.92	1	1	1	1	1	
0	0.00	181.15	0.00	0	1	0	0	0	11.60	1	1	1	1	1	
0	0.00	181.15	0.00	0	1	0	0	0	11.66	1	1	1	1	1	
0	0.00	181.15	0.00	0	1	0	0	0	11.92	1	1	1	1	1	
0	0.00	181.15	0.00	0	1	0	0	0	11.66	1	1	1	1	1	
0	0.00	181.15	0.00	0	1	0	0	0	11.60	1	1	1	1	1	
0	0.00	181.15	0.00	0	1	0	0	0	11.66	1	1	1	1	1	
0	0.00	181.15	0.00	0	1	0	0	0	11.87	1	1	1	1	1	
0	0.00	181.15	0.00	0	1	0	0	0	11.71	1	1	1	1	1	
0	0.00	181.15	0.00	0	1	0	0	0	11.66	1	1	1	1	1	
1	0.00	181.15	0.01	0	1	0	0	0	11.71	1	1	1	1	1	
0	0.00	181.15	0.01	0	1	0	0	0	11.66	1	1	1	1	1	
0	0.00	181.15	0.01	0	1	0	0	0	11.87	1	1	1	1	1	
0	0.00	181.15	0.01	0	1	0	0	0	11.60	1	1	1	1	1	
0	0.00	181.15	0.01	0	1	0	0	0	11.92	1	1	1	1	1	
0	0.00	181.15	0.01	0	1	0	0	0	11.49	1	1	1	1	1	
0	0.00	181.15	0.01	0	1	0	0	0	11.66	1	1	1	1	1	
0	0.00	181.15	0.01	0	1	0	0	0	11.55	1	1	1	1	1	
0	0.00	181.15	0.01	0	1	0	0	0	11.76	1	1	1	1	1	
0	0.00	181.15	0.01	0	1	0	0	0	11.66	1	1	1	1	1	
0	0.00	181.15	0.01	0	1	0	0	0	11.60	1	1	1	1	1	
1	0.00	181.15	0.02	0	1	0	0	0	11.71	1	1	1	1	1	
0	0.00	181.15	0.02	0	1	0	0	0	11.92	1	1	1	1	1	
0	0.00	181.15	0.02	0	1	0	0	0	11.49	1	1	1	1	1	
0	0.00	181.15	0.02	0	1	0	0	0	11.66	1	1	1	1	1	
0	0.00	181.15	0.02	0	1	0	0	0	11.55	1	1	1	1	1	
0	0.00	181.15	0.02	0	1	0	0	0	11.76	1	1	1	1	1	
0	0.00	181.15	0.02	0	1	0	0	0	11.66	1	1	1	1	1	
0	0.00	181.15	0.02	0	1	0	0	0	11.49	1	1	1	1	1	
0	0.00	181.15	0.02	0	1	0	0	0	11.66	1	1	1	1	1	
0	0.00	181.15	0.02	0	1	0	0	0	11.76	1	1	1	1	1	
0	0.00	181.15	0.02	0	1	0	0	0	11.49	1	1	1	1	1	
0	0.00	181.15	0.02	0	1	0	0	0	11.66	1	1	1	1	1	
1	0.00	181.15	0.02	0	1	0	0	0	11.55	1	1	1	1	1	
0	0.00	181.15	0.02	0	1	0	0	0	11.66	1	1	1	1	1	
0	0.00	181.15	0.02	0	1	0	0	0	11.66	1	1	1	1	1	
0	0.00	181.15	0.02	0	1	0	0	0	11.87	1	1	1	1	1	
0	0.00	181.15	0.02	0	1	0	0	0	11.66	1	1	1	1	1	
0	0.00	181.15	0.02	0	1	0	0	0	11.71	1	1	1	1	1	
0	0.00	181.15	0.02	0	1	0	0	0	11.92	1	1	1	1	1	
0	0.00	181.15	0.02	0	1	0	0	0	11.66	1	1	1	1	1	
0	0.00	181.15	0.02	0	1	0	0	0	11.82	1	1	1	1	1	
0	0.00	181.15	0.02	0	1	0	0	0	11.66	1	1	1	1	1	
0	0.00	181.15	0.02	0	1	0	0	0	11.92	1	1	1	1	1	
1	0.00	181.15	0.01	0	1	0	0	0	11.71	1	1	1	1	1	
0	0.00	181.15	0.01	0	1	0	0	0	11.66	1	1	1	1	1	
0	0.00	181.15	0.01	0	1	0	0	0	11.60	1	1	1	1	1	
0	0.00	181.15	0.01	0	1	0	0	0	11.66	1	1	1	1	1	
0	0.00	181.15	0.01	0	1	0	0	0	11.71	1	1	1	1	1	
0	0.00	181.15	0.01	0	1	0	0	0	11.92	1	1	1	1	1	
0	0.00	181.15	0.01	0	1	0	0	0	11.66	1	1	1	1	1	
0	0.00	181.15	0.01	0	1	0	0	0	11.92	1	1	1	1	1	
0	0.00	181.15	0.01	0	1	0	0	0	11.71	1	1	1	1	1	
0	0.00	181.15	0.01	0	1	0	0	0	11.66	1	1	1	1	1	
0	0.00	181.15	0.01	0	1	0	0	0	11.76	1	1	1	1	1	
0	0.00	181.15	0.01	0	1	0	0	0	11.49	1	1	1	1	1	
1	0.00	181.15	0.02	0	1	0	0	0	11.66	1	1	1	1	1	
0	0.00	181.15	0.02	0	1	0	0	0	11.66	1	1	1	1	1	
0	0.00	181.15	0.02	0	1	0	0	0	11.71	1	1	1	1	1	
0	0.00	181.15	0.02	0	1	0	0	0	11.92	1	1	1	1	1	
0	0.00	181.15	0.02	0	1	0	0	0	11.66	1	1	1	1	1	
0	0.00	181.15	0.02	0	1	0	0	0	11.71	1	1	1	1	1	
0	0.00	181.15	0.02	0	1	0	0	0	11.92	1	1	1	1	1	
0	0.00	181.15	0.02	0	1	0	0	0	11.66	1	1	1	1	1	
0	0.00	181.15	0.02	0	1	0	0	0	11.66	1	1	1	1	1	
0	0.00	181.15	0.02	0	1	0	0	0	11.71	1	1	1	1	1	
0	0.00	181.15	0.02	0	1	0	0	0	11.66	1	1	1	1	1	
1	0.00	181.15	0.04	0	1	0	0	0	11.71	1	1	1	1	1	
0	0.00	181.15	0.04	0	1	0	0	0	11.92	1	1	1	1	1	
0	0.00	181.15	0.04	0	1	0	0	0	11.60	1	1	1	1	1	
0	0.00	181.15	0.04	0	1	0	0	0	11.66	1	1	1	1	1	
0	0.00	181.15	0.04	0	1	0	0	0	11.66	1	1	1	1	1	
0	0.00	181.15	0.04	0	1	0	0	0	11.66	1	1	1	1	1	
0	0.00	181.15	0.04	0	1	0	0	0	11.92	1	1	1	1	1	
0	0.00	181.15	0.04	0	1	0	0	0	11.60	1	1	1	1	1	
0	0.00	181.15	0.04	0	1	0	0	0	11.82	1	1	1	1	1	
0	0.00	181.15	0.04	0	1	0	0	0	11.44	1	1	1	1	1	
0	0.00	181.15	0.04	0	1	0	0	0	11.66	1	1	1	1	1	
0	0.00	181.15	0.04	0	1	0	0	0	11.60	1	1	1	1	1	
1	0.00	181.15	0.02	0	1	0	0	0	11.66	1	1	1	1	1	
0	0.00	181.15	0.02	0	1	0	0	0	11.71	1	1	1	1	1	
0	0.00	181.15	0.02	0	1	0	0	0	11.76	1	1	1	1	1	
0	0.00	181.15	0.02	0	1	0	0	0	11.60	1	1	1	1	1	
0	0.00	181.15	0.02	0	1	0	0	0	11.60	1	1	1	1	1	
0	0.00	181.15	0.02	0	1	0	0	0	11.60	1	1	1	1	1	
0	0.00	181.15	0.02	0	1	0	0	0	11.49	1	1	1	1	1	
0	0.00	181.15	0.02	0	1	0	0	0	11.44	1	1	1	1	1	
0	0.00	181.15	0.02	0	1	0	0	0	11.66	1	1	1	1	1	
0	0.00	181.15	0.02	0	1	0	0	0	11.60	1	1	1	1	1	
0	0.00	181.15	0.02	0	1	0	0	0	11.66	1	1	1	1	1	
0	0.00	181.15	0.02	0	1	0	0	0	11.71	1	1	1	1	1	
1	0.00	181.15	0.01	0	1	0	0	0	11.92	1	1	1	1	1	
0	0.00	181.15	0.01	0	1	0	0	0	11.60	1	1	1	1	1	
0	0.00	181.15	0.01	0	1	0	0	0	11.82	1	1	1	1	1	
0	0.00	181.15	0.01	0	1	0	0	0	11.87	1	1	1	1	1	
0	0.00	181.15	0.01	0	1	0	0	0	11.60	1	1	1	1	1	
0	0.00	181.15	0.01	0	1	0	0	0	11.82	1	1	1	1	1	
0	0.00	181.15	0.01	0	1	0	0	0	11.60	1	1	1	1	1	
0	0.00	181.15	0.01	0	1	0	0	0	11.60	1	1	1	1	1	
0	0.00	181.15	0.01	0	1	0	0	0	11.71	1	1	1	1	1	
0	0.00	181.15	0.01	0	1	0	0	0	11.66	1	1	1	1	1	
0	0.00	181.15	0.01	0	1	0	0	0	11.76	1	1	1	1	1	
1	0.00	181.15	0.03	0	1	0	0	0	11.60	1	1	1	1	1	
0	0.00	181.15	0.03	0	1	0	0	0	11.66	1	1	1	1	1	
0	0.00	181.15	0.03	0	1	0	0	0	11.92	1	1	1	1	1	
0	0.00	181.15	0.03	0	1	0	0	0	11.60	1	1	1	1	1	
0	0.00	181.15	0.03	0	1	0	0	0	11.82	1	1	1	1	1	
0	0.00	181.15	0.03	0	1	0	0	0	11.49	1	1	1	1	1	
0	0.00	181.15	0.03	0	1	0	0	0	11.66	1	1	1	1	1	
0	0.00	181.15	0.03	0	1	0	0	0	11.60	1	1	1	1	1	
0	0.00	181.15	0.03	0	1	0	0	0	11.66	1	1	1	1	1	
0	0.00	181.15	0.03	0	1	0	0	0	11.66	1	1	1	1	1	
0	0.00	181.15	0.03	0	1	0	0	0	11.60	1	1	1	1	1	
0	0.00	181.15	0.03	0	1	0	0	0	11.66	1	1	1	1	1	
1	0.00	181.15	0.04	0	1	0	0	0	11.60	1	1	1	1	1	
0	0.00	181.15	0.04	0	1	0	0	0	11.60	1	1	1	1	1	
0	0.00	181.15	0.04	0	1	0	0	0	11.82	1	1	1	1	1	
0	0.00	181.15	0.04	0	1	0	0	0	11.76	1	1	1	1	1	
0	0.00	181.15	0.04	0	1	0	0	0	11.60	1	1	1	1	1	
0	0.00	181.15	0.04	0	1	0	0	0	11.82	1	1	1	1	1	
0	0.00	181.15	0.04	0	1	0	0	0	11.76	1	1	1	1	1	
0	0.00	181.15	0.04	0	1	0	0	0	11.60	1	1	1	1	1	
0	0.00	181.15	0.04	0	1	0	0	0	11.82	1	1	1	1	1	
0	0.00	181.15	0.04	0	1	0	0	0	11.87	1	1	1	1	1	
0	0.00	181.15	0.04	0	1	0	0	0	11.60	1	1	1	1	1	
1	0.00	181.15	0.04	0	1	0	0	0	11.82	1	1	1	1	1	
0	0.00	181.15	0.04	0	1	0	0	0	11.49	1	1	1	1	1	
0	0.00	181.15	0.04	0	1	0	0	0	11.66	1	1	1	1	1	
0	0.00	181.15	0.04	0	1	0	0	0	11.60	1	1	1	1	1	
0	0.00	181.15	0.04	0	1	0	0	0	11.66	1	1	1	1	1	
0	0.00	181.15	0.04	0	1	0	0	0	11.87	1	1	1	1	1	
0	0.00	181.15	0.04	0	1	0	0	0	11.49	1	1	1	1	1	
0	0.00	181.15	0.04	0	1	0	0	0	11.66	1	1	1	1	1	
0	0.00	181.15	0.04	0	1	0	0	0	11.76	1	1	1	1	1	
0	0.00	181.15	0.04	0	1	0	0	0	11.60	1	1	1	1	1	
0	0.00	181.15	0.04	0	1	0	0	0	11.66	1	1	1	1	1	
0	0.00	181.15	0.04	0	1	0	0	0	11.60	1	1	1	1	1	
1	0.00	181.15	0.04	0	1	0	0	0	11.71	1	1	1	1	1	
0	0.00	181.15	0.04	0	1	0	0	0	11.92	1	1	1	1	1	
0	0.00	181.15	0.04	0	1	0	0	0	11.49	1	1	1	1	1	
0	0.00	181.15	0.04	0	1	0	0	0	11.66	1	1	1	1	1	
0	0.00	181.15	0.04	0	1	0	0	0	11.71	1	1	1	1	1	
0	0.00	181.15	0.04	0	1	0	0	0	11.87	1	1	1	1	1	
0	0.00	181.15	0.04	0	1	0	0	0	11.92	1	1	1	1	1	
0	0.00	181.15	0.04	0	1	0	0	0	11.71	1	1	1	1	1	
0	0.00	181.15	0.04	0	1	0	0	0	11.66	1	1	1	1	1	
0	0.00	181.15	0.04	0	1	0	0	0	11.76	1	1	1	1	1	
0	0.00	181.15	0.04	0	1	0	0	0	11.49	1	1	1	1	1	
0	0.00	181.15	0.04	0	1	0	0	0	11.66	1	1	1	1	1	
1	0.00	181.15	0.04	0	1	0	0	0	11.49	1	1	1	1	1	
0	0.00	181.15	0.04	0	1	0	0	0	11.66	1	1	1	1	1	
0	0.00	181.15	0.04	0	1	0	0	0	11.71	1	1	1	1	1	
0	0.00	181.15	0.04	0	1	0	0	0	11.92	1	1	1	1	1	
0	0.00	181.15	0.04	0	1	0	0	0	11.66	1	1	1	1	1	
0	0.00	181.15	0.04	0	1	0	0	0	11.92	1	1	1	1	1	
0	0.00	181.15	0.04	0	1	0	0	0	11.71	1	1	1	1	1	
0	0.00	181.15	0.04	0	1	0	0	0	11.66	1	1	1	1	1	
0	0.00	181.15	0.04	0	1	0	0	0	11.60	1	1	1	1	1	
0	0.00	181.15	0.04	0	1	0	0	0	11.66	1	1	1	1	1	
0	0.00	181.15	0.04	0	1	0	0	0	11.49	1	1	1	1	1	
1	0.00	181.15	0.05	0	1	0	0	0	11.76	1	1	1	1	1	
0	0.00	181.15	0.05	0	1	0	0	0	11.92	1	1	1	1	1	
0	0.00	181.15	0.05	0	1	0	0	0	11.49	1	1	1	1	1	
0	0.00	181.15	0.05	0	1	0	0	0	11.66	1	1	1	1	1	
0	0.00	181.15	0.05	0	1	0	0	0	11.60	1	1	1	1	1	
0	0.00	181.15	0.05	0	1	0	0	0	11.60	1	1	1	1	1	
0	0.00	181.15	0.05	0	1	0	0	0	11.82	1	1	1	1	1	
0	0.00	181.15	0.05	0	1	0	0	0	11.60	1	1	1	1	1	
0	0.00	181.15	0.05	0	1	0	0	0	11.66	1	1	1	1	1	
0	0.00	181.15	0.05	0	1	0	0	0	11.87	1	1	1	1	1	
0	0.00	181.15	0.05	0	1	0	0	0	11.66	1	1	1	1	1	
0	0.00	181.15	0.05	0	1	0	0	0	11.66	1	1	1	1	1	
1	0.00	181.15	0.03	0	1	0	0	0	11.66	1	1	1	1	1	
0	0.00	181.15	0.03	0	1	0	0	0	11.60	1	1	1	1	1	
0	0.00	181.15	0.03	0	1	0	0	0	11.66	1	1	1	1	1	
0	0.00	181.15	0.03	0	1	0	0	0	11.66	1	1	1	1	1	
0	0.00	181.15	0.03	0	1	0	0	0	11.60	1	1	1	1	1	
0	0.00	181.15	0.03	0	1	0	0	0	11.66	1	1	1	1	1	
0	0.00	181.15	0.03	0	1	0	0	0	11.71	1	1	1	1	1	
0	0.00	181.15	0.03	0	1	0	0	0	11.92	1	1	1	1	1	
0	0.00	181.15	0.03	0	1	0	0	0	11.66	1	1	1	1	1	
0	0.00	181.15	0.03	0	1	0	0	0	11.87	1	1	1	1	1	
0	0.00	181.15	0.03	0	1	0	0	0	11.49	1	1	1	1	1	
1	0.00	181.15	0.00	0	1	0	0	0	11.66	1	1	1	1	1	
0	0.00	181.15	0.00	0	1	0	0	0	11.92	1	1	1	1	1	
0	0.00	181.15	0.00	0	1	0	0	0	11.66	1	1	1	1	1	
0	0.00	181.15	0.00	0	1	0	0	0	11.60	1	1	1	1	1	
0	0.00	181.15	0.00	0	1	0	0	0	11.66	1	1	1	1	1	
0	0.00	181.15	0.00	0	1	0	0	0	11.71	1	1	1	1	1	
0	0.00	181.15	0.00	0	1	0	0	0	11.92	1	1	1	1	1	
0	0.00	181.15	0.00	0	1	0	0	0	11.66	1	1	1	1	1	
0	0.00	181.15	0.00	0	1	0	0	0	11.76	1	1	1	1	1	
0	0.00	181.15	0.00	0	1	0	0	0	11.60	1	1	1	1	1	
0	0.00	181.15	0.00	0	1	0	0	0	11.66	1	1	1	1	1	
0	0.00	181.15	0.00	0	1	0	0	0	11.60	1	1	1	1	1	
1	0.00	181.15	0.03	0	1	0	0	0	11.71	1	1	1	1	1	
0	0.00	181.15	0.03	0	1	0	0	0	11.87	1	1	1	1	1	
0	0.00	181.15	0.03	0	1	0	0	0	11.49	1	1	1	1	1	
0	0.00	181.15	0.03	0	1	0	0	0	11.66	1	1	1	1	1	
0	0.00	181.15	0.03	0	1	0	0	0	11.92	1	1	1	1	1	
0	0.00	181.15	0.03	0	1	0	0	0	11.92	1	1	1	1	1	
0	0.00	181.15	0.03	0	1	0	0	0	11.92	1	1	1	1	1	
0	0.00	181.15	0.03	0	1	0	0	0	11.60	1	1	1	1	1	
0	0.00	181.15	0.03	0	1	0	0	0	11.82	1	1	1	1	1	
0	0.00	181.15	0.03	0	1	0	0	0	11.44	1	1	1	1	1	
0	0.00	181.15	0.03	0	1	0	0	0	11.66	1	1	1	1	1	
0	0.00	181.15	0.03	0	1	0	0	0	11.60	1	1	1	1	1	
1	0.00	181.15	0.04	0	1	0	0	0	11.66	1	1	1	1	1	
0	0.00	181.15	0.04	0	1	0	0	0	11.66	1	1	1	1	1	
0	0.00	181.15	0.04	0	1	0	0	0	11.92	1	1	1	1	1	
0	0.00	181.15	0.04	0	1	0	0	0	11.60	1	1	1	1	1	
0	0.00	181.15	0.04	0	1	0	0	0	11.71	1	1	1	1	1	
0	0.00	181.15	0.04	0	1	0	0	0	11.92	1	1	1	1	1	
0	0.00	181.15	0.04	0	1	0	0	0	11.60	1	1	1	1	1	
0	0.00	181.15	0.04	0	1	0	0	0	11.66	1	1	1	1	1	
0	0.00	181.15	0.04	0	1	0	0	0	11.66	1	1	1	1	1	
0	0.00	181.15	0.04	0	1	0	0	0	11.71	1	1	1	1	1	
0	0.00	181.15	0.04	0	1	0	0	0	11.76	1	1	1	1	1	
1	0.00	181.15	0.02	0	1	0	0	0	11.60	1	1	1	1	1	
0	0.00	181.15	0.02	0	1	0	0	0	11.49	1	1	1	1	1	
0	0.00	181.15	0.02	0	1	0	0	0	11.76	1	1	1	1	1	
0	0.00	181.15	0.02	0	1	0	0	0	11.66	1	1	1	1	1	
0	0.00	181.15	0.02	0	1	0	0	0	11.92	1	1	1	1	1	
0	0.00	181.15	0.02	0	1	0	0	0	11.60	1	1	1	1	1	
0	0.00	181.15	0.02	0	1	0	0	0	11.76	1	1	1	1	1	
0	0.00	181.15	0.02	0	1	0	0	0	11.44	1	1	1	1	1	
0	0.00	181.15	0.02	0	1	0	0	0	11.66	1	1	1	1	1	
0	0.00	181.15	0.02	0	1	0	0	0	11.71	1	1	1	1	1	
0	0.00	181.15	0.02	0	1	0	0	0	11.60	1	1	1	1	1	
0	0.00	181.15	0.02	0	1	0	0	0	11.92	1	1	1	1	1	
1	0.00	181.15	0.01	0	1	0	0	0	11.44	1	1	1	1	1	
0	0.00	181.15	0.01	0	1	0	0	0	11.66	1	1	1	1	1	
0	0.00	181.15	0.01	0	1	0	0	0	11.60	1	1	1	1	1	
0	0.00	181.15	0.01	0	1	0	0	0	11.71	1	1	1	1	1	
0	0.00	181.15	0.01	0	1	0	0	0	11.71	1	1	1	1	1	
0	0.00	181.15	0.01	0	1	0	0	0	11.87	1	1	1	1	1	
0	0.00	181.15	0.01	0	1	0	0	0	11.60	1	1	1	1	1	
0	0.00	181.15	0.01	0	1	0	0	0	11.76	1	1	1	1	1	
0	0.00	181.15	0.01	0	1	0	0	0	11.49	1	1	1	1	1	
0	0.00	181.15	0.01	0	1	0	0	0	11.66	1	1	1	1	1	
0	0.00	181.15	0.01	0	1	0	0	0	11.60	1	1	1	1	1	
1	0.00	181.15	0.01	0	1	0	0	0	11.66	1	1	1	1	1	
0	0.00	181.15	0.01	0	1	0	0	0	11.71	1	1	1	1	1	
0	0.00	181.15	0.01	0	1	0	0	0	11.71	1	1	1	1	1	
0	0.00	181.15	0.01	0	1	0	0	0	11.66	1	1	1	1	1	
0	0.00	181.15	0.01	0	1	0	0	0	11.60	1	1	1	1	1	
0	0.00	181.15	0.01	0	1	0	0	0	11.71	1	1	1	1	1	
0	0.00	181.15	0.01	0	1	0	0	0	11.71	1	1	1	1	1	
0	0.00	181.15	0.01	0	1	0	0	0	11.92	1	1	1	1	1	
0	0.00	181.15	0.01	0	1	0	0	0	11.60	1	1	1	1	1	
0	0.00	181.15	0.01	0	1	0	0	0	11.82	1	1	1	1	1	
0	0.00	181.15	0.01	0	1	0	0	0	11.44	1	1	1	1	1	
0	0.00	181.15	0.01	0	1	0	0	0	11.66	1	1	1	1	1	
1	0.00	181.15	0.03	0	1	0	0	0	11.60	1	1	1	1	1	
0	0.00	181.15	0.03	0	1	0	0	0	11.66	1	1	1	1	1	
0	0.00	181.15	0.03	0	1	0	0	0	11.82	1	1	1	1	1	
0	0.00	181.15	0.03	0	1	0	0	0	11.60	1	1	1	1	1	
0	0.00	181.15	0.03	0	1	0	0	0	11.60	1	1	1	1	1	
0	0.00	181.15	0.03	0	1	0	0	0	11.92	1	1	1	1	1	
0	0.00	181.15	0.03	0	1	0	0	0	11.60	1	1	1	1	1	
0	0.00	181.15	0.03	0	1	0	0	0	11.82	1	1	1	1	1	
0	0.00	181.15	0.03	0	1	0	0	0	11.49	1	1	1	1	1	
0	0.00	181.15	0.03	0	1	0	0	0	11.66	1	1	1	1	1	
0	0.00	181.15	0.03	0	1	0	0	0	11.60	1	1	1	1	1	
1	0.00	181.15	0.02	0	1	0	0	0	11.66	1	1	1	1	1	
0	0.00	181.15	0.02	0	1	0	0	0	11.71	1	1	1	1	1	
0	0.00	181.15	0.02	0	1	0	0	0	11.87	1	1	1	1	1	
0	0.00	181.15	0.02	0	1	0	0	0	11.66	1	1	1	1	1	
0	0.00	181.15	0.02	0	1	0	0	0	11.66	1	1	1	1	1	
0	0.00	181.15	0.02	0	1	0	0	0	11.92	1	1	1	1	1	
0	0.00	181.15	0.02	0	1	0	0	0	11.60	1	1	1	1	1	
0	0.00	181.15	0.02	0	1	0	0	0	11.71	1	1	1	1	1	
0	0.00	181.15	0.02	0	1	0	0	0	11.66	1	1	1	1	1	
0	0.00	181.15	0.02	0	1	0	0	0	11.66	1	1	1	1	1	
0	0.00	181.15	0.02	0	1	0	0	0	11.92	1	1	1	1	1	
0	0.00	181.15	0.02	0	1	0	0	0	11.66	1	1	1	1	1	
1	0.00	181.15	0.02	0	1	0	0	0	11.71	1	1	1	1	1	
0	0.00	181.15	0.02	0	1	0	0	0	11.44	1	1	1	1	1	
0	0.00	181.15	0.02	0	1	0	0	0	11.66	1	1	1	1	1	
0	0.00	181.15	0.02	0	1	0	0	0	11.66	1	1	1	1	1	
0	0.00	181.15	0.02	0	1	0	0	0	11.60	1	1	1	1	1	
0	0.00	181.15	0.02	0	1	0	0	0	11.66	1	1	1	1	1	
0	0.00	181.15	0.02	0	1	0	0	0	11.60	1	1	1	1	1	
0	0.00	181.15	0.02	0	1	0	0	0	11.71	1	1	1	1	1	
0	0.00	181.15	0.02	0	1	0	0	0	11.71	1	1	1	1	1	
0	0.00	181.15	0.02	0	1	0	0	0	11.92	1	1	1	1	1	
0	0.00	181.15	0.02	0	1	0	0	0	11.76	1	1	1	1	1	
0	0.00	181.15	0.02	0	1	0	0	0	11.92	1	1	1	1	1	
1	0.00	181.15	0.02	0	1	0	0	0	11.66	1	1	1	1	1	
0	0.00	181.15	0.02	0	1	0	0	0	11.87	1	1	1	1	1	
0	0.00	181.15	0.02	0	1	0	0	0	11.49	1	1	1	1	1	
0	0.00	181.15	0.02	0	1	0	0	0	11.66	1	1	1	1	1	
0	0.00	181.15	0.02	0	1	0	0	0	11.49	1	1	1	1	1	
0	0.00	181.15	0.02	0	1	0	0	0	11.76	1	1	1	1	1	
0	0.00	181.15	0.02	0	1	0	0	0	11.66	1	1	1	1	1	
0	0.00	181.15	0.02	0	1	0	0	0	11.87	1	1	1	1	1	
0	0.00	181.15	0.02	0	1	0	0	0	11.71	1	1	1	1	1	
0	0.00	181.15	0.02	0	1	0	0	0	11.71	1	1	1	1	1	
0	0.00	181.15	0.02	0	1	0	0	0	11.87	1	1	1	1	1	
1	0.00	181.15	0.04	0	1	0	0	0	11.60	1	1	1	1	1	
0	0.00	181.15	0.04	0	1	0	0	0	11.66	1	1	1	1	1	
0	0.00	181.15	0.04	0	1	0	0	0	11.66	1	1	1	1	1	
0	0.00	181.15	0.04	0	1	0	0	0	11.55	1	1	1	1	1	
0	0.00	181.15	0.04	0	1	0	0	0	11.76	1	1	1	1	1	
0	0.00	181.15	0.04	0	1	0	0	0	11.66	1	1	1	1	1	
0	0.00	181.15	0.04	0	1	0	0	0	11.92	1	1	1	1	1	
0	0.00	181.15	0.04	0	1	0	0	0	11.66	1	1	1	1	1	
0	0.00	181.15	0.04	0	1	0	0	0	11.82	1	1	1	1	1	
0	0.00	181.15	0.04	0	1	0	0	0	11.76	1	1	1	1	1	
0	0.00	181.15	0.04	0	1	0	0	0	11.60	1	1	1	1	1	
0	0.00	181.15	0.04	0	1	0	0	0	11.76	1	1	1	1	1	
1	0.00	181.15	0.04	0	1	0	0	0	11.49	1	1	1	1	1	
0	0.00	181.15	0.04	0	1	0	0	0	11.66	1	1	1	1	1	
0	0.00	181.15	0.04	0	1	0	0	0	11.92	1	1	1	1	1	
0	0.00	181.15	0.04	0	1	0	0	0	11.66	1	1	1	1	1	
0	0.00	181.15	0.04	0	1	0	0	0	11.66	1	1	1	1	1	
0	0.00	181.15	0.04	0	1	0	0	0	11.66	1	1	1	1	1	
0	0.00	181.15	0.04	0	1	0	0	0	11.71	1	1	1	1	1	
0	0.00	181.15	0.04	0	1	0	0	0	11.87	1	1	1	1	1	
0	0.00	181.15	0.04	0	1	0	0	0	11.60	1	1	1	1	1	
0	0.00	181.15	0.04	0	1	0	0	0	11.82	1	1	1	1	1	
0	0.00	181.15	0.04	0	1	0	0	0	11.76	1	1	1	1	1	
1	0.00	181.15	0.02	0	1	0	0	0	11.60	1	1	1	1	1	
0	0.00	181.15	0.02	0	1	0	0	0	11.49	1	1	1	1	1	
0	0.00	181.15	0.02	0	1	0	0	0	11.60	1	1	1	1	1	
0	0.00	181.15	0.02	0	1	0	0	0	11.66	1	1	1	1	1	
0	0.00	181.15	0.02	0	1	0	0	0	11.49	1	1	1	1	1	
0	0.00	181.15	0.02	0	1	0	0	0	11.76	1	1	1	1	1	
0	0.00	181.15	0.02	0	1	0	0	0	11.66	1	1	1	1	1	
0	0.00	181.15	0.02	0	1	0	0	0	11.92	1	1	1	1	1	
0	0.00	181.15	0.02	0	1	0	0	0	11.66	1	1	1	1	1	
0	0.00	181.15	0.02	0	1	0	0	0	11.49	1	1	1	1	1	
0	0.00	181.15	0.02	0	1	0	0	0	11.76	1	1	1	1	1	
0	0.00	181.15	0.02	0	1	0	0	0	11.66	1	1	1	1	1	
1	0.00	181.15	0.01	0	1	0	0	0	11.71	1	1	1	1	1	
0	0.00	181.15	0.01	0	1	0	0	0	11.66	1	1	1	1	1	
0	0.00	181.15	0.01	0	1	0	0	0	11.82	1	1	1	1	1	
0	0.00	181.15	0.01	0	1	0	0	0	11.49	1	1	1	1	1	
0	0.00	181.15	0.01	0	1	0	0	0	11.66	1	1	1	1	1	
0	0.00	181.15	0.01	0	1	0	0	0	11.49	1	1	1	1	1	
0	0.00	181.15	0.01	0	1	0	0	0	11.76	1	1	1	1	1	
0	0.00	181.15	0.01	0	1	0	0	0	11.66	1	1	1	1	1	
0	0.00	181.15	0.01	0	1	0	0	0	11.60	1	1	1	1	1	
0	0.00	181.15	0.01	0	1	0	0	0	11.66	1	1	1	1	1	
0	0.00	181.15	0.01	0	1	0	0	0	11.66	1	1	1	1	1	
0	0.00	181.15	0.01	0	1	0	0	0	11.60	1	1	1	1	1	
1	0.00	181.15	0.02	0	1	0	0	0	11.76	1	1	1	1	1	
0	0.00	181.15	0.02	0	1	0	0	0	11.76	1	1	1	1	1	
0	0.00	181.15	0.02	0	1	0	0	0	11.66	1	1	1	1	1	
0	0.00	181.15	0.02	0	1	0	0	0	11.71	1	1	1	1	1	
0	0.00	181.15	0.02	0	1	0	0	0	11.71	1	1	1	1	1	
0	0.00	181.15	0.02	0	1	0	0	0	11.71	1	1	1	1	1	
0	0.00	181.15	0.02	0	1	0	0	0	11.92	1	1	1	1	1	
0	0.00	181.15	0.02	0	1	0	0	0	11.60	1	1	1	1	1	
0	0.00	181.15	0.02	0	1	0	0	0	11.82	1	1	1	1	1	
0	0.00	181.15	0.02	0	1	0	0	0	11.49	1	1	1	1	1	
0	0.00	181.15	0.02	0	1	0	0	0	11.66	1	1	1	1	1	
1	0.00	181.15	0.03	0	1	0	0	0	11.60	1	1	1	1	1	
0	0.00	181.15	0.03	0	1	0	0	0	11.76	1	1	1	1	1	
0	0.00	181.15	0.03	0	1	0	0	0	11.92	1	1	1	1	1	
0	0.00	181.15	0.03	0	1	0	0	0	11.66	1	1	1	1	1	
0	0.00	181.15	0.03	0	1	0	0	0	11.71	1	1	1	1	1	
0	0.00	181.15	0.03	0	1	0	0	0	11.76	1	1	1	1	1	
0	0.00	181.15	0.03	0	1	0	0	0	11.60	1	1	1	1	1	
0	0.00	181.15	0.03	0	1	0	0	0	11.76	1	1	1	1	1	
0	0.00	181.15	0.03	0	1	0	0	0	11.49	1	1	1	1	1	
0	0.00	181.15	0.03	0	1	0	0	0	11.66	1	1	1	1	1	
0	0.00	181.15	0.03	0	1	0	0	0	11.60	1	1	1	1	1	
0	0.00	181.15	0.03	0	1	0	0	0	11.66	1	1	1	1	1	
1	0.00	181.15	0.03	0	1	0	0	0	11.66	1	1	1	1	1	
0	0.00	181.15	0.03	0	1	0	0	0	11.71	1	1	1	1	1	
0	0.00	181.15	0.03	0	1	0	0	0	11.60	1	1	1	1	1	
0	0.00	181.15	0.03	0	1	0	0	0	11.71	1	1	1	1	1	
0	0.00	181.15	0.03	0	1	0	0	0	11.60	1	1	1	1	1	
0	0.00	181.15	0.03	0	1	0	0	0	11.82	1	1	1	1	1	
0	0.00	181.15	0.03	0	1	0	0	0	11.44	1	1	1	1	1	
0	0.00	181.15	0.03	0	1	0	0	0	11.60	1	1	1	1	1	
0	0.00	181.15	0.03	0	1	0	0	0	11.76	1	1	1	1	1	
0	0.00	181.15	0.03	0	1	0	0	0	11.60	1	1	1	1	1	
0	0.00	181.15	0.03	0	1	0	0	0	11.66	1	1	1	1	1	
1	0.00	181.15	0.00	0	1	0	0	0	11.60	1	1	1	1	1	
0	0.00	181.15	0.00	0	1	0	0	0	11.71	1	1	1	1	1	
0	0.00	181.15	0.00	0	1	0	0	0	11.66	1	1	1	1	1	
0	0.00	181.15	0.00	0	1	0	0	0	11.92	1	1	1	1	1	
0	0.00	181.15	0.00	0	1	0	0	0	11.66	1	1	1	1	1	
0	0.00	181.15	0.00	0	1	0	0	0	11.66	1	1	1	1	1	
0	0.00	181.15	0.00	0	1	0	0	0	11.92	1	1	1	1	1	
0	0.00	181.15	0.00	0	1	0	0	0	11.76	1	1	1	1	1	
0	0.00	181.15	0.00	0	1	0	0	0	11.49	1	1	1	1	1	
0	0.00	181.15	0.00	0	1	0	0	0	11.66	1	1	1	1	1	
0	0.00	181.15	0.00	0	1	0	0	0	11.60	1	1	1	1	1	
0	0.00	181.15	0.00	0	1	0	0	0	11.66	1	1	1	1	1	
1	0.00	181.15	0.00	0	1	0	0	0	11.71	1	1	1	1	1	
0	0.00	181.15	0.00	0	1	0	0	0	11.44	1	1	1	1	1	
0	0.00	181.15	0.00	0	1	0	0	0	11.66	1	1	1	1	1	
0	0.00	181.15	0.00	0	1	0	0	0	11.60	1	1	1	1	1	
0	0.00	181.15	0.00	0	1	0	0	0	11.66	1	1	1	1	1	
0	0.00	181.15	0.00	0	1	0	0	0	11.66	1	1	1	1	1	
0	0.00	181.15	0.00	0	1	0	0	0	11.87	1	1	1	1	1	
0	0.00	181.15	0.00	0	1	0	0	0	11.66	1	1	1	1	1	
0	0.00	181.15	0.00	0	1	0	0	0	11.92	1	1	1	1	1	
0	0.00	181.15	0.00	0	1	0	0	0	11.60	1	1	1	1	1	
0	0.00	181.15	0.00	0	1	0	0	0	11.71	1	1	1	1	1	
0	0.00	181.15	0.00	0	1	0	0	0	11.76	1	1	1	1	1	
1	0.00	181.15	0.00	0	1	0	0	0	11.66	1	1	1	1	1	
0	0.00	181.15	0.00	0	1	0	0	0	11.60	1	1	1	1	1	
0	0.00	181.15	0.00	0	1	0	0	0	11.66	1	1	1	1	1	
0	0.00	181.15	0.00	0	1	0	0	0	11.71	1	1	1	1	1	
0	0.00	181.15	0.00	0	1	0	0	0	11.87	1	1	1	1	1	
0	0.00	181.15	0.00	0	1	0	0	0	11.66	1	1	1	1	1	
0	0.00	181.15	0.00	0	1	0	0	0	11.87	1	1	1	1	1	
0	0.00	181.15	0.00	0	1	0	0	0	11.49	1	1	1	1	1	
0	0.00	181.15	0.00	0	1	0	0	0	11.66	1	1	1	1	1	
0	0.00	181.15	0.00	0	1	0	0	0	11.55	1	1	1	1	1	
0	0.00	181.15	0.00	0	1	0	0	0	11.71	1	1	1	1	1	
1	0.00	181.15	0.02	0	1	0	0	0	11.66	1	1	1	1	1	
0	0.00	181.15	0.02	0	1	0	0	0	11.66	1	1	1	1	1	
0	0.00	181.15	0.02	0	1	0	0	0	11.49	1	1	1	1	1	
0	0.00	181.15	0.02	0	1	0	0	0	11.76	1	1	1	1	1	
0	0.00	181.15	0.02	0	1	0	0	0	11.66	1	1	1	1	1	
0	0.00	181.15	0.02	0	1	0	0	0	11.60	1	1	1	1	1	
0	0.00	181.15	0.02	0	1	0	0	0	11.71	1	1	1	1	1	
0	0.00	181.15	0.02	0	1	0	0	0	11.71	1	1	1	1	1	
0	0.00	181.15	0.02	0	1	0	0	0	11.76	1	1	1	1	1	
0	0.00	181.15	0.02	0	1	0	0	0	11.60	1	1	1	1	1	
0	0.00	181.15	0.02	0	1	0	0	0	11.82	1	1	1	1	1	
0	0.00	181.15	0.02	0	1	0	0	0	11.49	1	1	1	1	1	
1	0.00	181.15	0.01	0	1	0	0	0	11.66	1	1	1	1	1	
0	0.00	181.15	0.01	0	1	0	0	0	11.98	1	1	1	1	1	
0	0.00	181.15	0.01	0	1	0	0	0	11.66	1	1	1	1	1	
0	0.00	181.15	0.01	0	1	0	0	0	11.66	1	1	1	1	1	
0	0.00	181.15	0.01	0	1	0	0	0	11.76	1	1	1	1	1	
0	0.00	181.15	0.01	0	1	0	0	0	11.66	1	1	1	1	1	
0	0.00	181.15	0.01	0	1	0	0	0	11.60	1	1	1	1	1	
0	0.00	181.15	0.01	0	1	0	0	0	11.71	1	1	1	1	1	
0	0.00	181.15	0.01	0	1	0	0	0	11.66	1	1	1	1	1	
0	0.00	181.15	0.01	0	1	0	0	0	11.92	1	1	1	1	1	
0	0.00	181.15	0.01	0	1	0	0	0	11.66	1	1	1	1	1	
1	0.00	181.15	0.02	0	1	0	0	0	11.66	1	1	1	1	1	
0	0.00	181.15	0.02	0	1	0	0	0	11.76	1	1	1	1	1	
0	0.00	181.15	0.02	0	1	0	0	0	11.66	1	1	1	1	1	
0	0.00	181.15	0.02	0	1	0	0	0	11.92	1	1	1	1	1	
0	0.00	181.15	0.02	0	1	0	0	0	11.49	1	1	1	1	1	
0	0.00	181.15	0.02	0	1	0	0	0	11.66	1	1	1	1	1	
0	0.00	181.15	0.02	0	1	0	0	0	11.71	1	1	1	1	1	
0	0.00	181.15	0.02	0	1	0	0	0	11.66	1	1	1	1	1	
0	0.00	181.15	0.02	0	1	0	0	0	11.71	1	1	1	1	1	
0	0.00	181.15	0.02	0	1	0	0	0	11.87	1	1	1	1	1	
0	0.00	181.15	0.02	0	1	0	0	0	11.66	1	1	1	1	1	
0	0.00	181.15	0.02	0	1	0	0	0	11.92	1	1	1	1	1	
1	0.00	181.15	0.04	0	1	0	0	0	11.49	1	1	1	1	1	
0	0.00	181.15	0.04	0	1	0	0	0	11.66	1	1	1	1	1	
0	0.00	181.15	0.04	0	1	0	0	0	11.60	1	1	1	1	1	
0	0.00	181.15	0.04	0	1	0	0	0	11.66	1	1	1	1	1	
0	0.00	181.15	0.04	0	1	0	0	0	11.71	1	1	1	1	1	
0	0.00	181.15	0.04	0	1	0	0	0	11.92	1	1	1	1	1	
0	0.00	181.15	0.04	0	1	0	0	0	11.66	1	1	1	1	1	
0	0.00	181.15	0.04	0	1	0	0	0	11.82	1	1	1	1	1	
0	0.00	181.15	0.04	0	1	0	0	0	11.49	1	1	1	1	1	
0	0.00	181.15	0.04	0	1	0	0	0	11.92	1	1	1	1	1	
0	0.00	181.15	0.04	0	1	0	0	0	11.76	1	1	1	1	1	
0	0.00	181.15	0.04	0	1	0	0	0	11.66	1	1	1	1	1	
1	0.00	181.15	0.00	0	1	0	0	0	11.92	1	1	1	1	1	
0	0.00	181.15	0.00	0	1	0	0	0	11.60	1	1	1	1	1	
0	0.00	181.15	0.00	0	1	0	0	0	11.66	1	1	1	1	1	
0	0.00	181.15	0.00	0	1	0	0	0	11.60	1	1	1	1	1	
0	0.00	181.15	0.00	0	1	0	0	0	11.66	1	1	1	1	1	
0	0.00	181.15	0.00	0	1	0	0	0	11.71	1	1	1	1	1	
0	0.00	181.15	0.00	0	1	0	0	0	11.76	1	1	1	1	1	
0	0.00	181.15	0.00	0	1	0	0	0	11.66	1	1	1	1	1	
0	0.00	181.15	0.00	0	1	0	0	0	11.76	1	1	1	1	1	
0	0.00	181.15	0.00	0	1	0	0	0	11.60	1	1	1	1	1	
